1 1
2 0
6 0
7 1
8 0
9 0
10 2
11 1
12 1
14 1
15 1
16 1
17 2
18 0
19 2
20 0
21 0
22 0
23 0
25 0
30 0
30 0
31 -1
32 0
33 1
34 1
35 1
36 1
37 1
38 1
39 0
41 3
42 0
43 1
44 1
49 0
51 1
52 0
54 0
55 0
56 1
57 3
60 1
61 3
62 1
63 4
64 2
65 2
66 2
67 2
68 3
69 3
70 2
71 5
72 0
73 1
74 1
75 2
76 0
77 3
78 0
79 5
80 11
81 4
82 7
83 6
84 4
85 18
86 14
87 15
88 9
89 6
90 10
90 4
91 4
92 0
93 5
94 2
95 4
96 1
97 4
98 5
99 5
100 2
101 7
102 1
103 8
104 5
105 9
106 4
107 9
108 6
109 3
110 0
111 3
112 11
113 10
114 17
115 3
116 5
117 4
118 8
119 10
120 13
121 12
122 4
123 5
124 9
125 7
126 3
127 3
128 13
129 6
130 7
131 3
132 9
133 11
134 10
135 22
136 16
137 12
138 15
139 8
140 33
141 38
142 22
143 16
144 15
145 12
146 13
147 21
148 13
149 26
150 27
150 6
151 4
152 141
153 63
154 44
155 53
156 37
157 32
158 32
159 26
160 25
161 18
162 40
163 25
164 20
165 17
166 27
167 17
168 11
169 20
170 25
171 11
172 10
173 22
174 19
175 17
176 22
177 18
178 14
179 11
180 49
181 31
182 31
183 38
184 29
185 26
186 9
187 14
188 16
189 8
190 19
191 21
192 13
193 37
194 25
195 21
196 10
197 19
198 18
199 14
200 17
201 10
202 12
203 23
204 19
205 15
206 14
207 9
208 18
209 16
210 15
210 15
211 14
212 10
213 15
214 48
215 35
216 39
217 34
218 17
219 26
220 15
221 19
222 14
223 13
224 28
225 14
226 20
227 18
228 16
229 6
230 14
231 15
232 16
233 7
234 13
235 11
236 8
237 12
238 5
239 7
240 7
240 8
241 7
242 4
243 4
244 7
245 4
246 8
247 5
248 2
249 -1
250 3
251 7
252 4
253 1
254 1
255 3
256 1
257 4
258 6
259 4
260 3
261 4
262 2
263 1
264 2
265 0
266 1
267 2
268 2
269 3
270 1
271 2
272 2
273 4
274 5
275 6
276 4
277 3
278 3
279 5
280 6
281 0
282 2
283 7
284 6
285 4
286 8
287 4
288 0
289 2
290 2
291 6
292 2
293 8
294 6
295 3
296 12
297 9
298 19
299 5
300 10
300 7
301 5
302 1
303 2
304 9
305 2
306 5
307 2
308 2
309 1
310 1
311 4
312 7
313 6
314 8
315 0
316 -1
317 3
318 4
319 4
320 0
321 3
322 2
323 1
324 3
325 5
326 5
327 3
328 5
329 1
330 4
331 3
332 -1
333 5
334 7
335 7
336 2
337 2
338 39
339 10
340 14
341 18
342 7
343 2
344 6
345 6
346 5
347 10
348 10
349 10
350 3
351 4
352 3
353 10
354 7
355 11
356 5
357 5
358 1
359 10
360 2
365 1
366 6
367 2
368 2
369 6
370 4
371 3
372 5
373 8
374 2
375 3
376 3
377 3
378 6
379 3
380 12
381 2
382 0
383 3
384 5
385 3
386 2
387 3
388 7
389 3
390 -1
391 2
392 5
393 9
394 9
395 7
395 3
396 3
397 21
398 18
399 13
400 19
401 10
402 8
403 10
404 4
405 5
406 9
407 7
408 5
409 3
410 3
411 2
412 5
413 3
414 10
415 3
416 3
417 10
418 7
419 5
420 12
421 7
422 4
423 2
425 11
426 4
427 2
428 4
429 5
430 5
431 1
432 2
433 9
434 6
435 4
436 13
437 5
438 4
439 3
440 11
441 5
442 7
443 8
444 4
445 0
446 16
447 5
448 5
449 5
450 5
451 5
452 8
453 5
454 2
455 5
455 7
456 5
457 7
458 1
459 4
460 6
461 8
462 1
463 7
464 6
465 0
466 3
467 1
468 1
469 4
470 9
471 3
472 -2
473 3
474 2
475 3
476 7
477 5
478 6
479 6
480 5
481 5
482 10
483 3
484 5
485 8
486 3
487 1
488 4
489 0
490 5
491 6
492 4
493 4
494 2
495 3
496 8
497 9
498 9
499 12
500 6
501 8
502 16
503 15
504 13
505 6
506 5
507 7
508 3
509 6
510 12
511 7
512 13
513 9
514 5
515 5
515 53
516 29
517 33
518 49
519 47
520 19
521 29
522 23
523 32
524 19
525 19
526 29
527 9
528 11
529 16
530 18
531 14
532 20
533 12
534 12
535 12
536 19
537 22
538 13
539 16
540 24
541 21
542 13
543 52
544 50
545 27
546 36
547 24
548 42
549 7
550 13
551 10
552 7
553 10
554 18
555 13
556 13
557 34
558 23
559 30
560 11
561 22
562 15
563 24
564 21
565 24
566 18
567 15
568 20
569 19
570 16
571 18
572 12
573 15
574 11
575 12
575 8
576 5
577 92
578 49
579 31
580 31
581 18
582 31
583 25
584 19
585 18
586 8
587 14
588 13
589 7
590 8
591 13
592 12
593 15
594 15
595 9
596 6
597 10
598 9
599 10
600 7
601 8
602 6
603 6
604 3
605 5
605 1
606 3
607 9
608 2
609 9
610 1
611 8
612 17
613 18
614 18
615 14
616 4
617 13
618 11
619 7
620 14
621 11
622 1
623 3
624 7
625 10
626 11
627 12
628 16
629 24
630 9
631 17
632 9
633 17
634 9
635 27
636 23
637 10
638 10
639 18
640 18
641 37
642 16
643 19
644 12
645 15
646 14
647 11
648 11
649 14
650 10
651 11
652 10
653 6
654 11
655 6
656 11
657 12
658 5
659 6
660 13
661 8
662 7
663 14
664 6
665 0
665 1
666 3
667 5
668 10
669 9
670 8
671 8
672 3
673 2
674 7
675 9
676 16
677 4
678 4
679 4
680 7
681 4
682 2
683 6
684 5
685 4
686 1
687 13
688 8
689 14
690 13
691 8
692 7
693 6
694 7
695 9
696 7
697 12
698 2
699 4
700 -1
701 86
702 53
703 36
704 36
705 11
706 17
707 12
708 5
709 7
710 8
711 14
712 8
713 10
714 1
715 6
716 10
717 8
718 12
719 4
720 1
721 3
722 0
723 7
724 2
725 3
730 5
731 2
732 0
733 5
734 3
735 1
736 7
737 0
738 -1
739 3
740 2
741 1
742 5
743 5
744 2
745 1
746 3
747 0
748 3
749 0
750 2
751 4
752 2
753 -1
754 4
755 0
756 4
757 5
758 0
759 1
760 -1
