0 5
1 8
2 11
3 9
4 3
5 2
6 5
7 4
8 1
9 4
10 8
11 -1
12 5
13 1
14 4
15 6
16 3
17 2
18 4
21 1
22 2
23 5
24 2
26 1
27 2
28 6
29 7
30 10
30 17
31 7
32 6
33 6
34 7
35 7
36 10
37 11
38 3
39 2
40 5
41 3
42 5
43 18
44 13
45 3
46 3
47 3
48 5
49 5
50 15
51 10
52 1
53 3
54 1
55 4
56 2
57 6
60 19
61 4
62 4
64 8
65 7
66 10
67 6
68 5
69 7
70 4
71 10
72 8
73 18
74 10
75 5
76 7
77 4
78 2
79 3
80 11
81 11
83 4
84 5
85 5
86 4
87 17
88 9
89 5
90 4
90 7
91 2
92 6
93 15
94 11
95 2
96 2
97 2
98 2
99 7
100 11
101 16
102 2
103 4
104 4
105 3
106 7
107 6
108 1
110 2
111 6
112 12
113 5
114 6
115 8
116 8
117 4
118 1
119 7
120 9
121 6
122 4
123 4
124 1
125 2
126 2
127 7
128 5
129 4
130 4
131 1
132 1
133 2
134 3
135 7
136 8
137 3
138 8
139 5
140 6
141 8
142 18
143 18
144 9
145 10
146 8
147 11
148 13
149 21
150 34
150 11
151 17
152 20
153 11
154 17
155 52
156 38
157 28
158 20
159 33
160 24
161 18
162 53
163 47
164 29
165 18
166 27
167 33
168 28
169 88
170 69
171 21
172 32
173 30
174 32
175 38
176 56
177 53
178 37
179 34
180 34
181 50
182 46
183 59
184 95
185 43
186 57
187 56
188 72
189 91
190 142
191 139
192 76
193 109
194 107
195 143
196 38
197 43
198 61
199 49
200 42
201 46
202 42
203 28
204 30
205 51
206 23
207 30
208 30
209 25
210 35
210 40
211 42
212 27
213 28
214 26
215 26
216 24
217 35
218 40
219 19
220 18
221 23
222 25
223 9
224 28
225 19
226 12
227 12
228 1
229 5
230 6
231 6
232 6
233 2
234 0
235 5
236 0
237 2
238 2
239 3
240 2
240 3
241 1
242 4
243 2
244 1
245 4
246 2
247 2
248 5
250 1
251 4
252 2
253 -1
254 0
255 1
256 0
257 2
258 6
259 2
260 4
262 4
263 0
264 3
265 2
266 5
267 3
268 1
269 5
272 -1
274 1
275 0
276 3
278 0
279 3
280 8
281 1
282 -1
283 2
284 4
285 2
286 1
287 2
288 2
289 0
290 0
291 -2
292 0
293 4
294 4
295 0
296 1
298 1
299 2
300 3
300 2
301 3
302 1
303 1
304 1
305 3
306 2
307 6
308 2
309 -1
310 1
311 0
312 3
313 6
314 5
315 1
316 4
317 0
318 2
319 1
320 4
321 9
323 1
324 1
325 -1
326 4
327 2
328 6
329 2
330 0
331 4
332 2
333 1
334 4
335 4
336 2
337 2
338 0
340 2
341 3
343 2
344 1
345 3
346 2
347 1
348 5
349 6
350 3
351 3
352 5
353 3
354 5
355 5
356 5
357 0
358 4
359 3
360 1
365 4
366 7
367 5
368 1
369 6
370 0
371 3
372 4
373 5
374 8
375 1
377 1
379 0
380 3
381 5
382 1
383 5
384 4
385 1
386 5
387 3
388 4
389 4
390 4
391 2
392 2
393 5
394 11
395 5
395 5
396 2
397 2
398 3
399 3
400 5
401 7
402 1
403 2
404 5
405 5
407 5
408 5
409 1
411 2
412 4
413 3
414 6
415 11
417 2
419 0
420 7
421 7
422 6
423 3
425 3
426 1
427 5
428 1
429 2
430 2
432 0
435 0
436 1
437 1
440 0
441 0
442 0
443 2
444 -1
445 1
446 3
447 3
448 3
449 6
450 8
451 13
452 7
453 5
454 5
455 7
455 4
456 11
457 14
458 7
459 11
460 12
461 9
462 9
463 11
464 12
465 16
466 7
467 2
468 4
469 7
470 7
471 14
472 10
473 6
474 18
475 13
476 7
477 21
478 22
479 10
480 5
481 10
482 4
483 15
484 21
485 21
486 6
487 12
488 9
489 7
490 16
491 30
492 15
493 11
494 13
495 12
496 11
497 20
498 20
499 29
500 22
501 14
502 16
503 25
504 21
505 19
506 23
507 12
508 14
509 21
510 13
511 13
512 19
513 20
514 12
515 12
515 15
516 12
517 21
518 38
519 40
520 17
521 35
522 31
523 28
524 35
525 28
526 37
527 26
528 21
529 23
530 23
531 26
532 64
533 54
534 67
535 31
536 37
537 38
538 37
539 67
540 86
541 43
542 41
543 50
544 50
545 61
546 101
547 121
548 103
549 23
550 50
551 35
552 40
553 37
554 40
555 28
556 32
557 42
558 22
559 31
560 14
561 38
562 27
563 23
564 9
565 14
566 20
567 34
568 28
569 14
570 15
571 20
572 16
573 13
574 27
575 43
575 24
576 28
577 34
578 33
579 45
580 59
581 51
582 33
583 46
584 37
585 28
586 21
587 23
588 28
589 18
590 14
591 15
592 7
593 16
594 23
595 32
596 11
597 19
598 18
599 8
600 7
601 20
602 14
603 5
604 13
605 18
605 9
606 6
607 16
608 9
609 2
610 4
611 3
612 8
613 4
614 5
615 8
616 1
617 6
618 6
619 3
620 -1
621 2
622 5
623 3
626 -1
627 -1
632 0
634 0
635 0
636 1
639 0
640 0
641 0
642 0
644 0
645 1
647 0
648 -1
649 -2
651 0
653 1
658 0
665 0
666 0
667 1
668 0
671 0
672 0
673 0
675 0
677 1
678 0
679 0
680 0
681 0
682 0
685 2
686 1
688 0
690 1
695 1
698 1
700 0
701 0
702 0
703 1
705 1
708 0
711 1
713 0
714 0
717 0
718 -1
720 0
722 0
723 0
724 0
733 0
738 2
739 0
741 0
742 0
745 1
752 0
754 2
756 2
