0 1
1 1
2 1
3 1
4 1
8 0
9 1
10 2
11 1
14 1
15 2
16 2
17 1
18 0
19 1
21 4
23 1
24 1
25 2
29 1
30 0
35 1
39 2
40 2
41 1
42 2
43 1
44 2
45 2
46 0
47 2
48 1
49 1
50 1
51 3
52 1
53 2
54 4
55 2
56 2
57 2
60 6
61 2
62 2
63 -1
64 2
65 2
66 3
67 4
68 0
69 0
70 1
71 2
72 1
73 8
74 6
75 3
76 2
77 1
78 9
79 4
80 3
81 3
82 3
83 2
84 2
85 2
86 5
87 4
88 3
89 2
90 1
90 2
91 1
92 2
93 1
94 2
95 4
96 0
97 1
98 2
99 2
100 2
101 6
102 1
103 2
104 3
105 3
106 2
107 5
108 1
109 0
110 -1
111 0
112 1
116 3
117 1
118 2
119 4
120 1
121 3
122 4
123 3
124 5
125 4
126 8
127 11
128 23
129 24
130 1
131 7
132 4
133 5
134 5
135 8
136 15
137 2
138 6
139 5
140 6
141 2
142 5
143 14
144 1
145 7
146 8
147 3
148 2
149 3
150 13
150 4
151 4
152 2
153 3
154 3
155 10
156 8
157 12
158 5
159 3
160 13
161 6
162 10
163 18
164 6
165 3
166 11
167 9
168 5
169 7
170 9
171 4
172 5
173 4
174 5
175 4
176 9
177 11
178 4
179 4
180 7
181 6
182 5
183 6
184 11
185 4
186 10
187 5
188 10
189 5
190 9
191 26
192 7
193 4
194 18
195 27
196 0
197 4
198 4
199 5
200 7
201 6
202 7
203 7
204 5
205 7
206 2
207 2
208 2
209 7
210 3
210 2
211 7
212 7
213 11
214 8
215 9
216 9
217 13
218 7
219 6
220 12
221 11
222 6
223 7
224 13
225 14
226 11
227 2
228 8
229 6
230 11
231 8
232 14
233 5
234 6
235 7
236 11
237 13
238 14
239 11
240 9
240 15
241 12
242 10
243 5
244 11
245 12
246 18
247 14
248 19
249 10
250 17
251 22
252 41
253 20
254 10
255 21
256 12
257 33
258 30
259 54
260 47
261 58
262 79
263 20
264 18
265 38
266 38
267 20
268 30
269 24
270 16
271 23
272 35
273 46
274 24
275 17
276 17
277 24
278 26
279 59
280 53
281 20
282 19
283 16
284 18
285 20
286 37
287 56
288 19
289 16
290 12
291 15
292 23
293 50
294 64
295 16
296 23
297 39
298 62
299 33
300 51
300 47
301 34
302 1
303 23
304 25
305 18
306 53
307 95
308 30
309 34
310 27
311 32
312 24
313 63
314 94
315 34
316 20
317 36
318 31
319 29
320 49
321 73
322 28
323 16
324 21
325 20
326 38
327 63
328 75
329 33
330 14
331 36
332 31
333 33
334 66
335 127
336 36
337 33
338 44
339 51
340 64
341 90
342 129
343 21
344 26
345 24
346 29
347 24
348 63
349 80
350 19
351 28
352 21
353 24
354 22
355 44
356 59
357 25
358 28
359 32
360 47
365 58
366 60
367 31
368 33
369 36
370 25
371 21
372 12
373 28
374 38
375 19
376 10
377 21
378 15
379 27
380 35
381 43
382 25
383 14
384 20
385 23
386 30
387 35
388 58
389 21
390 18
391 26
392 19
393 17
394 23
395 26
395 15
396 18
397 16
398 9
399 16
400 31
401 37
402 25
403 5
404 20
405 28
406 24
407 29
408 36
409 9
410 6
411 2
412 3
413 8
414 21
415 22
416 13
417 12
418 8
419 11
420 9
421 21
422 20
423 9
425 8
426 3
427 9
428 5
429 9
430 10
431 8
432 4
433 4
434 3
435 4
436 10
437 5
438 3
439 5
440 5
441 7
442 2
443 7
444 11
445 5
446 5
447 3
448 4
449 3
450 5
451 6
452 4
453 1
454 7
455 5
455 -1
456 -2
457 7
458 4
459 -1
460 4
461 5
462 5
463 25
464 20
465 6
466 10
467 3
468 5
469 4
470 4
471 8
472 3
473 3
474 3
475 2
476 1
477 3
478 2
479 1
480 4
481 -1
482 1
483 0
484 3
485 3
486 0
487 1
488 1
489 -2
490 5
491 1
492 3
493 1
494 4
495 2
496 3
497 4
498 1
499 -2
500 3
501 2
502 2
503 1
504 1
505 -2
506 2
507 3
508 1
509 1
510 3
511 1
512 3
513 -1
514 1
515 0
515 0
516 1
517 0
518 1
519 -1
520 0
521 0
522 0
525 2
526 1
527 1
528 0
529 2
530 2
532 2
533 1
534 1
535 0
536 0
537 2
538 0
539 0
540 1
541 0
542 -1
543 2
544 5
545 4
546 3
547 3
548 2
549 0
550 0
551 1
552 4
553 1
554 2
555 6
556 3
557 2
558 1
559 1
560 2
561 2
562 -1
563 3
564 1
565 0
566 0
567 2
568 2
569 2
570 1
571 0
572 0
573 2
574 2
575 0
575 2
576 3
577 1
578 2
579 1
580 2
581 3
582 1
583 0
584 2
585 6
586 3
587 5
588 9
589 7
590 5
591 4
592 2
593 7
594 11
595 1
596 2
597 3
598 6
599 10
600 7
601 10
602 7
603 5
604 13
605 16
605 6
606 16
607 21
608 43
609 36
610 20
611 41
612 45
613 61
614 112
615 118
616 20
617 34
618 53
619 62
620 63
621 82
622 79
623 45
624 35
625 45
626 37
627 43
628 83
629 83
630 28
631 42
632 29
633 25
634 37
635 63
636 59
637 24
638 26
639 18
640 35
641 22
642 64
643 79
644 31
645 41
646 19
647 30
648 43
649 71
650 82
651 62
652 41
653 44
654 23
655 32
656 74
657 73
658 38
659 43
660 40
661 33
662 44
663 72
664 84
665 36
665 37
666 58
667 46
668 47
669 94
670 121
671 38
672 28
673 29
674 32
675 41
676 62
677 125
678 35
679 48
680 71
681 53
682 64
683 117
684 144
685 38
686 42
687 49
688 50
689 45
690 108
691 126
692 56
693 62
694 64
695 62
696 56
697 98
698 140
699 39
700 42
701 46
702 26
703 44
704 74
705 86
706 48
707 44
708 26
709 36
710 34
711 83
712 101
713 28
714 28
715 29
716 32
717 31
718 73
719 66
720 23
721 43
722 38
723 24
724 39
725 72
730 59
731 19
732 26
733 16
734 24
735 23
736 40
737 86
738 27
739 36
740 34
741 30
742 41
743 57
744 75
745 25
746 28
747 34
748 29
749 34
750 41
751 51
752 37
753 37
754 32
755 36
756 39
757 48
758 43
759 24
760 29
