0 357
1 362
2 292
3 216
4 126
5 126
6 149
7 135
8 187
9 245
10 227
11 142
12 150
13 145
14 178
15 188
16 415
17 309
18 138
19 167
20 159
21 206
22 349
23 244
24 265
25 264
26 234
27 244
28 205
29 223
30 194
30 240
31 193
32 213
33 209
34 204
35 260
36 309
37 299
38 186
39 132
40 185
41 191
42 225
43 354
44 271
45 143
46 117
47 135
48 154
49 174
50 330
51 292
52 151
53 148
54 131
55 128
56 193
57 345
60 345
61 136
62 127
63 134
64 159
65 178
66 363
67 249
68 118
69 156
70 140
71 140
72 166
73 298
74 277
75 125
76 116
77 143
78 133
79 194
80 388
81 246
82 130
83 110
84 95
85 105
86 127
87 276
88 170
89 96
90 143
90 111
91 133
92 126
93 231
94 222
95 90
96 96
97 129
98 121
99 178
100 259
101 192
102 77
103 96
104 85
105 178
106 120
107 248
108 194
109 106
110 116
111 162
112 258
113 135
114 184
115 143
116 91
117 100
118 143
119 140
120 220
121 196
122 185
123 96
124 107
125 87
126 116
127 151
128 231
129 135
130 90
131 65
132 116
133 83
134 102
135 215
136 132
137 110
138 140
139 67
140 104
141 114
142 195
143 137
144 67
145 53
146 56
147 92
148 104
149 225
150 126
150 94
151 148
152 111
153 129
154 145
155 188
156 136
157 131
158 167
159 126
160 128
161 214
162 150
163 149
164 132
165 134
166 113
167 82
168 110
169 120
170 111
171 104
172 92
173 97
174 133
175 117
176 117
177 161
178 121
179 96
180 111
181 98
182 99
183 123
184 138
185 83
186 102
187 102
188 110
189 119
190 106
191 122
192 109
193 121
194 112
195 129
196 76
197 126
198 134
199 142
200 135
201 154
202 104
203 148
204 154
205 146
206 160
207 110
208 127
209 135
210 124
210 125
211 134
212 98
213 117
214 132
215 148
216 151
217 178
218 147
219 168
220 150
221 149
222 173
223 145
224 218
225 152
226 188
227 138
228 180
229 164
230 183
231 273
232 270
233 258
234 280
235 218
236 249
237 250
238 280
239 279
240 280
240 290
241 312
242 239
243 260
244 381
245 377
246 283
247 278
248 286
249 249
250 219
251 417
252 422
253 282
254 350
255 307
256 353
257 351
258 475
259 489
260 431
261 393
262 432
263 210
264 500
265 698
266 979
267 1225
268 1166
269 795
270 614
271 523
272 1098
273 941
274 365
275 366
276 304
277 310
278 343
279 466
280 489
281 194
282 214
283 184
284 226
285 250
286 416
287 412
288 186
289 178
290 188
291 202
292 219
293 429
294 368
295 169
296 183
297 296
298 320
299 284
300 298
300 256
301 259
302 146
303 157
304 149
305 164
306 346
307 309
308 160
309 155
310 175
311 153
312 193
313 396
314 305
315 116
316 157
317 157
318 145
319 166
320 351
321 249
322 170
323 167
324 179
325 184
326 160
327 336
328 269
329 150
330 138
331 157
332 180
333 186
334 355
335 341
336 144
337 144
338 140
339 162
340 181
341 430
342 395
343 186
344 142
345 187
346 179
347 192
348 379
349 347
350 134
351 190
352 175
353 207
354 275
355 579
356 439
357 245
358 320
359 372
360 302
365 291
366 386
367 287
368 134
369 128
370 164
371 136
372 194
373 359
374 262
375 105
376 94
377 130
378 117
379 149
380 282
381 207
382 128
383 169
384 136
385 190
386 374
387 322
388 307
389 231
390 239
391 300
392 237
393 256
394 318
395 263
395 239
396 250
397 265
398 216
399 234
400 309
401 324
402 228
403 227
404 205
405 238
406 244
407 353
408 354
409 254
410 211
411 161
412 168
413 201
414 362
415 297
416 163
417 156
418 137
419 155
420 183
421 305
422 248
423 130
425 126
426 115
427 119
428 214
429 305
430 338
431 155
432 177
433 157
434 155
435 191
436 362
437 298
438 119
439 121
440 142
441 149
442 132
443 169
444 123
445 114
446 144
447 116
448 124
449 177
450 299
451 281
452 140
453 134
454 136
455 137
455 168
456 268
457 243
458 142
459 173
460 114
461 128
462 157
463 229
464 224
465 125
466 104
467 91
468 127
469 124
470 214
471 183
472 91
473 100
474 79
475 106
476 108
477 214
478 138
479 75
480 115
481 179
482 179
483 164
484 302
485 208
486 139
487 166
488 122
489 146
490 184
491 321
492 225
493 133
494 142
495 112
496 158
497 145
498 225
499 198
500 103
501 108
502 126
503 245
504 135
505 234
506 174
507 114
508 111
509 125
510 147
511 171
512 285
513 239
514 130
515 139
515 134
516 146
517 134
518 266
519 217
520 76
521 139
522 150
523 140
524 147
525 204
526 168
527 138
528 137
529 193
530 202
531 258
532 245
533 206
534 188
535 129
536 170
537 159
538 188
539 213
540 238
541 179
542 178
543 188
544 189
545 186
546 235
547 185
548 156
549 119
550 220
551 216
552 251
553 236
554 204
555 215
556 248
557 226
558 210
559 230
560 82
561 214
562 214
563 199
564 194
565 177
566 182
567 206
568 214
569 197
570 200
571 166
572 182
573 187
574 194
575 215
575 205
576 220
577 174
578 192
579 212
580 201
581 234
582 203
583 210
584 245
585 213
586 197
587 229
588 247
589 234
590 246
591 204
592 219
593 208
594 311
595 277
596 264
597 227
598 246
599 202
600 240
601 320
602 311
603 284
604 368
605 309
605 356
606 274
607 433
608 463
609 334
610 311
611 345
612 350
613 342
614 463
615 402
616 225
617 416
618 471
619 627
620 717
621 850
622 1082
623 1132
624 1266
625 912
626 587
627 468
628 1237
629 1014
630 416
631 395
632 377
633 283
634 284
635 548
636 648
637 221
638 266
639 240
640 233
641 206
642 414
643 413
644 180
645 160
646 172
647 172
648 151
649 349
650 333
651 168
652 0
653 160
654 154
655 183
656 274
657 247
658 109
659 150
661 130
662 227
663 204
664 199
665 108
665 98
666 138
667 127
668 109
669 348
670 266
671 133
672 152
673 184
674 57
675 182
676 317
677 274
678 123
679 141
680 186
681 118
682 188
683 315
684 283
685 147
686 144
687 219
688 225
689 200
690 262
691 235
692 99
693 127
694 128
695 133
696 151
697 276
698 262
699 125
700 105
701 108
702 127
703 184
704 286
705 222
706 109
707 119
708 123
709 146
710 185
711 328
712 308
713 166
714 114
715 124
716 166
717 297
718 461
719 462
720 252
721 270
722 304
723 349
724 314
725 333
730 264
731 173
732 153
733 101
734 116
735 147
736 167
737 213
738 122
739 98
740 149
741 128
742 133
743 273
744 283
745 124
746 181
747 154
748 212
749 318
750 248
751 266
752 240
753 265
754 251
755 262
756 226
757 265
758 264
759 264
760 258
