1 75.03030303030303
2 72.0958904109589
3 125.34722222222223
4 104.81818181818181
5 62.492753623188406
6 99.21428571428571
7 102.1969696969697
8 78.4320987654321
9 80.28703703703704
10 169.9857142857143
11 171.53125
12 205.16216216216216
13 189.0705882352941
14 59.7037037037037
15 142.21794871794873
16 73.24675324675324
17 111.7439024390244
18 94.40845070422536
19 75.39189189189189
20 77.7536231884058
21 164.25714285714287
22 101.82089552238806
23 104.07894736842105
24 106.68181818181819
25 58.86666666666667
26 67.9054054054054
27 133.8815789473684
28 51.34615384615385
29 67.775
30 111.51948051948052
31 80.8
32 164.17441860465115
33 78.56410256410257
34 95.96969696969697
35 170.40404040404042
36 103.36764705882354
37 128.33823529411765
38 96.725
39 112.9407894736842
40 110.0
41 109.13978494623656
42 82.34117647058824
43 61.55555555555556
44 97.68604651162791
45 98.65555555555555
46 181.225
47 88.17441860465117
48 89.75438596491227
49 67.2258064516129
50 68.33695652173913
51 87.14285714285714
52 124.91954022988506
53 245.02439024390245
54 184.11111111111111
55 113.4125
56 89.05633802816901
57 90.09375
58 136.14285714285714
59 131.26436781609195
60 199.5268817204301
61 117.81632653061224
62 115.70093457943925
63 172.53271028037383
64 193.87951807228916
65 203.67857142857142
66 149.816091954023
67 200.26190476190476
68 165.64772727272728
69 159.65
70 161.29661016949152
71 156.18115942028984
72 152.56302521008402
73 121.18604651162791
74 67.98765432098766
75 66.0
76 256.57142857142856
77 236.1764705882353
78 235.75247524752476
79 161.26388888888889
80 181.2872340425532
81 63.406666666666666
82 61.19277108433735
83 62.95774647887324
84 60.58682634730539
85 60.28804347826087
86 60.80891719745223
87 65.51754385964912
88 51.88235294117647
89 53.19277108433735
90 53.614754098360656
91 51.947916666666664
92 52.372549019607845
93 52.65934065934066
94 66.1
95 72.42647058823529
96 70.62025316455696
97 71.40789473684211
98 73.95505617977528
99 73.45762711864407
100 73.33928571428571
101 61.18633540372671
102 60.96629213483146
103 60.46236559139785
104 60.91561181434599
105 61.108695652173914
106 59.51912568306011
107 59.75
108 57.20338983050848
109 58.17460317460318
110 55.975903614457835
111 56.61176470588235
112 55.27777777777778
113 57.357142857142854
114 58.08974358974359
115 58.71641791044776
116 55.71641791044776
117 55.56363636363636
118 59.84239130434783
119 58.888324873096444
120 58.02512562814071
121 56.9921875
122 56.54545454545455
123 56.48717948717949
124 57.1551724137931
125 54.37931034482759
126 71.08571428571429
127 67.84615384615384
128 64.6842105263158
129 70.51136363636364
130 68.69491525423729
131 69.39285714285714
132 65.640625
133 59.73134328358209
134 59.95652173913044
135 59.79012345679013
136 63.15625
137 71.52577319587628
138 69.76136363636364
139 70.54545454545455
140 69.63333333333334
141 69.20202020202021
142 67.64
143 67.3409090909091
144 5.823240589198036
145 9.143979057591624
146 16.676470588235293
147 9.842105263157896
148 9.851172273190622
149 9.877952755905511
150 9.82830626450116
151 9.835142469470828
152 9.874264705882354
153 9.822807017543859
154 7.366997882391269
155 24.17248545303408
156 9.05658324265506
157 9.846715328467154
158 9.851521900519673
159 9.881970492623156
160 9.878358925143955
161 10.961994421199442
162 8.506951871657755
163 9.127272727272727
164 9.993428912783752
165 9.992537313432836
166 10.001662971175167
167 9.99844840961986
168 7.710562414266118
169 4.266355140186916
170 5.456865127582017
171 3.8415841584158414
172 10.607178464606182
173 4.370141342756184
174 6.064472800537273
175 9.872340425531915
176 3.6987039031455415
177 9.882625036137613
178 6.055500495540139
179 9.357493857493857
180 9.494208494208495
181 4.792905081495686
182 4.936974789915967
183 4.971112476951444
184 5.48
185 5.355400696864112
186 5.72316715542522
187 5.668275862068966
188 3.9141475211608223
189 3.8808341608738828
190 3.8039457459926016
191 4.634984025559105
192 6.18937125748503
193 6.239294710327456
194 9.06396866840731
195 9.219112627986348
196 9.994864269992663
197 11.356284153005465
198 11.56453558504222
199 10.087544156043618
200 10.066800714924039
201 9.167682926829269
202 13.100418410041842
203 10.021144278606965
204 10.005054151624549
205 10.019011406844106
206 6.610108303249097
207 9.260109289617485
208 15.916773367477592
209 7.226390685640363
210 4.979381443298969
211 9.527896995708154
212 9.431203931203932
213 7.465714285714285
214 7.939944134078212
215 5.736543909348442
216 4.588458618071375
217 5.0922722029988465
218 8.622340425531915
219 9.79633300297324
220 11.586572438162545
221 11.803082191780822
222 5.117449664429531
223 5.187949143173023
224 5.163398692810458
225 5.158487530168946
226 7.998336106489185
227 7.984263233190272
228 10.996147919876734
229 11.009141494435612
230 11.024090075936108
231 13.226886291179596
232 5.002430133657351
233 4.012725344644751
234 4.022292993630574
235 9.012861736334406
236 31.09240246406571
237 8.998137802607076
238 7.012759170653908
239 6.248882265275708
240 8.861513687600644
241 8.899543378995434
242 24.37391304347826
243 37.15194346289753
244 32.08510638297872
245 11.37719298245614
246 49.55670103092783
247 47.06666666666667
248 47.380645161290325
249 45.666666666666664
250 45.924528301886795
251 49.25438596491228
252 76.67924528301887
253 74.96273291925466
254 74.79020979020979
255 77.06306306306307
256 76.35185185185185
257 74.69281045751634
258 76.35766423357664
259 76.28021978021978
260 76.51851851851852
261 75.39252336448598
262 76.68115942028986
263 76.51960784313725
264 75.105
265 76.44715447154472
266 74.65536723163842
267 74.00680272108843
268 76.95
269 75.68062827225131
270 75.27848101265823
271 76.822695035461
272 76.58333333333333
273 76.4381443298969
274 76.256
275 75.70297029702971
276 85.8411214953271
277 85.86315789473684
278 85.39583333333333
279 86.3069306930693
280 86.65957446808511
281 84.9779411764706
282 85.38372093023256
283 100.11570247933884
284 99.47272727272727
285 100.39814814814815
286 83.71527777777777
287 84.16891891891892
288 84.06060606060606
289 75.00523560209425
290 74.29299363057325
291 75.44370860927152
292 74.37219730941705
293 74.80645161290323
294 66.83756345177665
295 67.8719723183391
296 67.796
297 67.53020134228188
298 74.2948717948718
299 75.69444444444444
300 73.90322580645162
301 83.37654320987654
302 84.54545454545455
303 75.90225563909775
304 76.52229299363057
305 74.90677966101696
306 75.64039408866995
307 60.53658536585366
308 59.36764705882353
309 51.707602339181285
310 51.016949152542374
311 51.598984771573605
312 50.34756097560975
313 51.19444444444444
314 51.056603773584904
315 51.318385650224215
316 55.13013698630137
317 43.593582887700535
318 43.48314606741573
319 43.29257641921397
320 45.32967032967033
321 44.629139072847686
322 43.36
323 43.25714285714286
324 42.875457875457876
325 43.762135922330096
326 121.30684931506849
327 171.24539877300614
328 135.0
329 89.25467289719626
330 197.0
331 159.2285983066792
332 70.3015873015873
333 70.02567094515753
334 135.00095877277084
335 172.0072428778368
336 147.0
337 153.12240184757505
338 319.06670252824097
339 96.02177625960718
340 102.2339343504392
341 96.02739238705087
342 76.18938307030129
343 51.00181488203267
344 172.0136476426799
345 159.23447967842787
346 184.139231824417
347 96.00643500643501
348 128.00043140638482
349 197.00065746219593
350 246.08047337278106
351 159.20010615711251
352 134.19971870604783
353 7.002469135802469
354 70.42020202020203
355 109.00534759358288
356 221.29615952732644
357 319.07519788918205
358 147.00477611940298
359 140.3422680412371
360 37.173702422145325
361 121.37333333333333
362 77.08236658932715
363 259.00416666666666
364 165.29690346083788
365 76.15499124343258
366 108.07478797224364
367 96.02807357212004
368 159.23743016759778
369 51.04364694471387
370 96.0053050397878
371 116.0
372 140.29825291181365
373 63.29534606205251
374 134.16156670746633
375 109.0
376 115.12219101123596
377 215.2319844789357
378 197.0
379 70.29684601113172
380 234.32112068965517
381 147.0
382 147.0017777777778
383 134.20378597643423
384 109.00217391304348
385 44.157712305025996
386 96.25126050420168
387 209.06422018348624
388 84.20457796852646
389 96.01982378854626
390 103.01807228915662
391 153.26813186813186
