DAY,Srevenue,Price = (Srevenue/Squantity),Squantity,SMA(4),SMA(9),
0,232,116,124,,,143.84
1,232,116,101,,,117.16
2,464,116,115,,,133.4
3,580,116,158,124.5,,183.28
4,0,0,59,108.25,,0
5,140,140,49,95.25,,68.6
6,140,140,58,81,,81.2
7,563,140.75,61,56.75,90.625,85.8575
8,563,140.75,63,57.75,83,88.6725
9,1267,140.7777777778,129,77.75,86.5,181.6033333333
10,985,140.7142857143,187,110,95.5,263.1357142857
11,281,140.5,71,112.5,84.625,99.755
12,704,140.8,74,115.25,86.5,104.192
13,563,140.75,78,102.5,90.125,109.785
14,844,140.6666666667,81,76,93,113.94
15,704,140.8,81,78.5,95.5,114.048
16,985,140.7142857143,184,106,110.625,258.9142857143
17,1267,140.7777777778,265,152.75,127.625,373.0611111111
18,563,140.75,85,153.75,114.875,119.6375
19,422,140.6666666667,92,156.5,117.5,129.4133333333
20,704,140.8,79,130.25,118.125,111.232
21,704,140.8,75,82.75,117.75,105.6
22,563,140.75,83,82.25,118,116.8225
23,2534,140.7777777778,145,95.5,126,204.1277777778
24,1689,140.75,188,122.75,126.5,264.61
25,704,140.8,77,123.25,103,108.416
26,422,140.6666666667,77,121.75,102,108.3133333333
27,563,140.75,71,103.25,99.375,99.9325
28,1548,140.7272727273,98,80.75,101.75,137.9127272727
29,140,140,84,82.5,102.875,117.6
30,563,140.75,150,100.75,111.25,211.125
30,1830,140.7692307692,221,138.25,120.75,311.1
31,281,140.5,83,134.5,107.625,116.615
32,985,140.7142857143,92,136.5,109.5,129.4571428571
33,704,140.8,80,119,109.875,112.64
34,1689,140.75,78,83.25,110.75,109.785
35,563,140.75,64,78.5,106.5,90.08
36,1971,140.7857142857,147,92.25,114.375,206.955
37,2534,140.7777777778,222,127.75,123.375,312.5266666667
38,1126,140.75,83,129,106.125,116.8225
39,563,140.75,62,128.5,103.5,87.265
40,985,140.7142857143,81,112,102.125,113.9785714286
41,422,140.6666666667,71,74.25,101,99.8733333333
42,985,140.7142857143,113,81.75,105.375,159.0071428571
43,1548,140.7272727273,230,123.75,126.125,323.6727272727
44,1548,140.7272727273,217,157.75,134.875,305.3781818182
45,563,140.75,76,159,116.625,106.97
46,563,140.75,51,143.5,112.625,71.7825
47,232,116,30,93.5,108.625,34.8
48,422,140.6666666667,62,54.75,106.25,87.2133333333
49,1267,140.7777777778,72,53.75,106.375,101.36
50,1830,140.7692307692,175,84.75,114.125,246.3461538462
51,2252,140.75,220,132.25,112.875,309.65
52,281,140.5,80,136.75,95.75,112.4
53,704,140.8,74,137.25,95.5,104.192
54,1126,140.75,74,112,98.375,104.155
55,281,140.5,58,71.5,101.875,81.49
56,563,140.75,48,63.5,100.125,67.56
57,844,140.6666666667,127,76.75,107,178.6466666667
60,985,140.7142857143,150,95.75,103.875,211.0714285714
61,140,140,53,94.5,83,74.2
62,844,140.6666666667,53,95.75,79.625,74.5533333333
63,704,140.8,64,80,78.375,90.112
64,1267,140.7777777778,65,58.75,77.25,91.5055555556
65,140,140,63,61.25,77.875,88.2
66,563,140.75,155,86.75,91.25,218.1625
67,1126,140.75,212,123.75,101.875,298.39
68,985,140.7142857143,80,127.5,93.125,112.5714285714
69,1548,140.7272727273,81,132,96.625,113.9890909091
70,281,140.5,64,109.25,98,89.92
71,1548,140.7272727273,75,75,99.375,105.5454545455
72,1126,140.75,75,73.75,100.625,105.5625
73,1689,140.75,185,99.75,115.875,260.3875
74,1830,140.7692307692,240,143.75,126.5,337.8461538462
75,1548,140.7272727273,83,145.75,110.375,116.8036363636
76,1126,140.75,95,150.75,112.25,133.7125
77,1689,140.75,110,132,115.875,154.825
78,422,140.6666666667,79,91.75,117.75,111.1266666667
79,422,140.6666666667,74,89.5,117.625,104.0933333333
80,1126,140.75,102,91.25,121,143.565
81,281,140.5,208,115.75,123.875,292.24
82,704,140.8,64,112,101.875,90.112
83,844,140.6666666667,58,108,98.75,81.5866666667
84,140,140,60,97.5,94.375,84
85,140,140,74,64,89.875,103.6
86,563,140.75,65,64.25,88.125,91.4875
87,281,140.5,133,83,95.5,186.865
88,422,140.6666666667,210,120.5,109,295.4
89,563,140.75,58,116.5,90.25,81.635
90,422,140.6666666667,72,118.25,91.25,101.28
90,281,140.5,44,96,89.5,61.82
91,140,140,72,61.5,91,100.8
92,704,140.8,58,61.5,89,81.664
93,1408,140.8,144,79.5,98.875,202.752
94,1126,140.75,193,116.75,106.375,271.6475
95,985,140.7142857143,72,116.75,89.125,101.3142857143
96,1126,140.75,64,118.25,89.875,90.08
97,1126,140.75,69,99.5,89.5,97.1175
98,844,140.6666666667,58,65.75,91.25,81.5866666667
99,0,0,73,66,91.375,0
100,985,140.7142857143,123,80.75,99.5,173.0785714286
101,109,109,200,113.5,106.5,218
102,0,0,75,117.75,91.75,0
103,563,140.75,73,117.75,91.875,102.7475
104,422,140.6666666667,68,104,92.375,95.6533333333
105,0,0,79,73.75,93.625,0
106,422,140.6666666667,77,74.25,96,108.3133333333
107,109,109,190,103.5,110.625,207.1
108,218,109,239,146.25,125.125,260.51
109,0,0,82,147,110.375,0
110,-109,109,103,153.5,113.875,112.27
111,0,0,65,122.25,112.875,0
112,230,115,188,109.5,127.875,216.2
113,0,0,128,121,134,0
114,461,115.25,142,130.75,142.125,163.655
115,215,215,225,170.75,146.5,483.75
116,563,140.75,58,138.25,123.875,81.635
117,115,115,66,122.75,121.875,75.9
118,215,215,63,103,116.875,135.45
119,0,0,75,65.5,118.125,0
120,394,197,142,86.5,112.375,279.74
121,788,197,143,105.75,114.25,281.71
122,1773,197,239,149.75,126.375,470.83
123,394,197,111,158.75,112.125,218.67
124,985,197,115,152,119.25,226.55
125,985,197,281,186.5,146.125,553.57
126,394,197,364,217.75,183.75,717.08
127,1182,197,496,314,236.375,977.12
128,6700,197.0588235294,1340,620.25,386.125,2640.5882352941
129,5911,197.0333333333,1379,894.75,540.625,2717.0896666667
130,591,197,97,828,522.875,191.09
131,197,197,72,722,518,141.84
132,394,197,87,408.75,514.5,171.39
133,215,215,66,80.5,487.625,141.9
134,197,197,52,69.25,448.625,102.44
135,197,197,109,78.5,400.25,214.73
136,1182,197,161,97,252.875,317.17
137,394,197,80,100.5,90.5,157.6
138,788,197,131,120.25,94.75,258.07
139,788,197,50,105.5,92,98.5
140,394,197,56,79.25,88.125,110.32
141,197,197,64,75.25,87.875,126.08
142,591,197,116,71.5,95.875,228.52
143,591,197,161,99.25,102.375,317.17
144,394,197,67,102,90.625,131.99
145,197,197,52,99,87.125,102.44
146,394,197,71,87.75,79.625,139.87
147,788,197,58,62,80.625,114.26
148,591,197,73,63.5,82.75,143.81
149,591,197,124,81.5,90.25,244.28
150,591,197,163,104.5,96.125,321.11
150,197,197,71,107.75,84.875,139.87
151,0,0,53,102.75,83.125,0
152,591,197,63,87.5,84.5,124.11
153,394,197,59,61.5,83,116.23
154,197,197,65,60,83.875,128.05
155,788,197,152,84.75,93.75,299.44
156,788,197,176,113,100.25,346.72
157,0,0,75,117,89.25,0
158,234,234,71,118.5,89.25,166.14
159,0,0,51,93.25,89,0
160,197,197,124,80.25,96.625,244.28
161,0,0,80,81.5,99.25,0
162,704,234.6666666667,152,101.75,110.125,356.6933333333
163,938,234.5,187,135.75,114.5,438.515
164,938,234.5,71,122.5,101.375,166.495
165,1173,234.6,94,126,103.75,220.524
166,704,234.6666666667,86,109.5,105.625,201.8133333333
167,469,234.5,86,84.25,110,201.67
168,1173,234.6,76,85.5,104,178.296
169,469,234.5,206,113.5,119.75,483.07
170,2112,234.6666666667,236,151,130.25,553.8133333333
171,1408,234.6666666667,101,154.75,119.5,237.0133333333
172,0,0,81,156,120.75,0
173,234,234,68,121.5,117.5,159.12
174,704,234.6666666667,78,82,116.5,183.04
175,469,234.5,80,76.75,115.75,187.6
176,1408,234.6666666667,158,96,126,370.7733333333
177,1173,234.6,232,137,129.25,544.272
178,0,0,101,142.75,112.375,0
179,469,234.5,91,145.5,111.125,213.395
180,1643,234.7142857143,102,131.5,113.75,239.4085714286
181,-234,234,86,95,116,201.24
182,1643,234.7142857143,101,95,118.875,237.0614285714
183,1173,234.6,150,109.75,127.625,351.9
184,2347,234.7,201,134.5,133,471.747
185,938,234.5,83,133.75,114.375,194.635
186,234,234,72,126.5,110.75,168.48
187,704,234.6666666667,56,103,106.375,131.4133333333
188,704,234.6666666667,71,70.5,102.5,166.6133333333
189,469,234.5,75,68.5,101.125,175.875
190,704,234.6666666667,162,91,108.75,380.16
191,1408,234.6666666667,190,124.5,113.75,445.8666666667
192,938,234.5,76,125.75,98.125,178.22
193,8215,234.7142857143,99,131.75,100.125,232.3671428571
194,2581,234.6363636364,90,113.75,102.375,211.1727272727
195,2816,234.6666666667,131,99,111.75,307.4133333333
196,234,234,43,90.75,108.25,100.62
197,1173,234.6,98,90.5,111.125,229.908
198,1173,234.6,111,95.75,104.75,260.406
199,1408,234.6666666667,108,90,94.5,253.44
200,234,234,78,98.75,94.75,182.52
201,704,234.6666666667,81,94.5,92.5,190.08
202,938,234.5,86,88.25,92,201.67
203,469,234.5,79,81,85.5,185.255
204,1877,234.625,145,97.75,98.25,340.20625
205,938,234.5,137,111.75,103.125,321.265
206,234,234,73,108.5,98.375,170.82
207,234,234,75,107.5,94.25,175.5
208,2816,234.6666666667,88,93.25,95.5,206.5066666667
209,469,234.5,115,87.75,99.75,269.675
210,234,234,68,86.5,97.5,159.12
210,1173,234.6,155,106.5,107,363.63
211,2347,234.7,189,131.75,112.5,443.583
212,938,234.5,82,123.5,105.625,192.29
213,704,234.6666666667,82,127,106.75,192.4266666667
214,234,234,79,108,107.25,184.86
215,0,0,69,78,104.875,0
216,469,234.5,82,78,100.75,192.29
217,1173,234.6,113,85.75,106.375,265.098
218,938,234.5,174,109.5,108.75,408.03
219,704,234.6666666667,96,116.25,97.125,225.28
220,1408,234.6666666667,108,122.75,100.375,253.44
221,938,234.5,101,119.75,102.75,236.845
222,0,0,80,96.25,102.875,0
223,704,234.6666666667,109,99.5,107.875,255.7866666667
224,938,234.5,144,108.5,115.625,337.68
225,704,234.6666666667,175,127,123.375,410.6666666667
226,0,0,67,123.75,110,0
227,704,234.6666666667,115,125.25,112.375,269.8666666667
228,469,234.5,114,117.75,113.125,267.33
229,938,234.5,121,104.25,115.625,283.745
230,704,234.6666666667,102,113,118.375,239.36
231,938,234.5,136,118.25,121.75,318.92
232,1173,234.6,164,130.75,124.25,384.744
233,704,234.6666666667,76,119.5,111.875,178.3466666667
234,469,234.5,103,119.75,116.375,241.535
235,704,234.6666666667,117,115,116.625,274.56
236,704,234.6666666667,87,95.75,113.25,204.16
237,70,70,117,106,112.75,81.9
238,1877,234.625,204,131.25,125.5,478.635
239,1877,234.625,182,147.5,131.25,427.0175
240,234,234,77,145,120.375,180.18
240,938,234.5,92,138.75,122.375,215.74
241,1173,234.6,97,112,121.625,227.562
242,1643,234.7142857143,99,91.25,119.375,232.3671428571
243,704,234.6666666667,88,94,119.5,206.5066666667
244,938,234.5,149,108.25,123.5,349.405
245,1877,234.625,205,135.25,123.625,480.98125
246,0,0,98,135,113.125,0
247,704,234.6666666667,103,138.75,116.375,241.7066666667
248,2112,234.6666666667,120,131.5,119.875,281.6
249,2816,234.6666666667,107,107,121.125,251.0933333333
250,1408,234.6666666667,99,107.25,121.125,232.32
251,2816,234.6666666667,186,128,133.375,436.48
252,6806,234.6896551724,295,171.75,151.625,692.3344827586
253,-234,234,88,167,137,205.92
254,234,234,101,167.5,137.375,236.34
255,469,234.5,109,148.25,138.125,255.605
256,1408,234.6666666667,94,98,134.875,220.5866666667
257,469,234.5,97,100.25,133.625,227.465
258,469,234.5,185,121.25,144.375,433.825
259,1643,234.7142857143,251,156.75,152.5,589.1328571429
260,1173,234.6,136,167.25,132.625,319.056
261,938,234.5,159,182.75,141.5,372.855
262,1408,234.6666666667,156,175.5,148.375,366.08
263,0,0,48,124.75,140.75,0
264,704,234.6666666667,107,117.5,142.375,251.0933333333
265,469,234.5,163,118.5,150.625,382.235
266,1643,234.7142857143,218,134,154.75,511.6771428571
267,938,234.5,110,149.5,137.125,257.95
268,234,234,115,151.5,134.5,269.1
269,234,234,92,133.75,126.125,215.28
270,704,234.6666666667,108,106.25,120.125,253.44
271,704,234.6666666667,91,101.5,125.5,213.5466666667
272,234,234,203,123.5,137.5,475.02
273,1877,234.625,219,155.25,144.5,513.82875
274,1173,234.6,92,151.25,128.75,215.832
275,234,234,113,156.75,129.125,264.42
276,469,234.5,104,132,127.75,243.88
277,0,0,106,103.75,129.5,0
278,147,147,108,107.75,129.5,158.76
279,441,147,186,126,141.375,273.42
280,441,147,328,182,157,482.16
281,147,147,120,185.5,144.625,176.4
282,147,147,105,184.75,146.25,154.35
283,147,147,82,158.75,142.375,120.54
284,234,234,97,101,141.5,226.98
285,147,147,112,99,142.25,164.64
286,268,134,185,119,151.875,247.9
287,806,134.3333333333,249,160.75,159.75,334.49
288,672,134.4,91,159.25,130.125,122.304
289,403,134.3333333333,108,158.25,128.625,145.08
290,403,134.3333333333,111,139.75,129.375,149.11
291,268,134,83,98.25,129.5,111.22
292,1210,134.4444444444,108,102.5,130.875,145.2
293,1748,134.4615384615,189,122.75,140.5,254.1323076923
294,4437,134.4545454545,292,168,153.875,392.6072727273
295,672,134.4,86,168.75,133.5,115.584
296,1210,134.4444444444,85,163,132.75,114.2777777778
297,1613,134.4166666667,129,148,135.375,173.3975
298,2286,134.4705882353,346,161.5,164.75,465.2682352941
299,1882,134.4285714286,182,185.5,177.125,244.66
300,1344,134.4,186,210.75,186.875,249.984
300,2555,134.4736842105,181,223.75,185.875,243.3973684211
301,134,134,72,155.25,158.375,96.48
302,806,134.3333333333,69,127,156.25,92.69
303,134,134,52,93.5,152.125,69.68
304,0,0,78,67.75,145.75,0
305,109,109,73,68,111.625,79.57
306,218,109,165,92,109.5,179.85
307,1526,109,305,155.25,124.375,332.45
308,109,109,98,160.25,114,106.82
309,327,109,85,163.25,115.625,92.65
310,327,109,91,144.75,118.375,99.19
311,436,109,112,96.5,125.875,122.08
312,436,109,87,93.75,127,94.83
313,545,109,230,130,146.625,250.7
314,872,109,321,187.5,166.125,349.89
315,654,109,112,187.5,142,122.08
316,436,109,116,194.75,144.25,126.44
317,436,109,81,157.5,143.75,88.29
318,218,109,97,101.5,144.5,105.73
319,436,109,102,99,143.25,111.18
320,109,109,182,115.5,155.125,198.38
321,1090,109,266,161.75,159.625,289.94
322,218,109,108,164.5,133,117.72
323,436,109,104,165,132,113.36
324,654,109,96,143.5,129.5,104.64
325,218,109,104,103,132.375,113.36
326,654,109,79,95.75,130.125,86.11
327,981,109,535,203.5,184.25,583.15
328,1090,109,423,285.25,214.375,461.07
329,436,109,99,284,193.5,107.91
330,327,109,88,286.25,191,95.92
331,545,109,98,177,190.25,106.82
332,218,109,75,90,187.625,81.75
333,981,109,82,85.75,184.875,89.38
334,981,109,213,117,201.625,232.17
335,1417,109,278,162,169.5,303.02
336,763,109,87,165,127.5,94.83
337,327,109,99,169.25,127.5,107.91
338,436,109,109,143.25,130.125,118.81
339,327,109,115,102.5,132.25,125.35
340,654,109,110,108.25,136.625,119.9
341,2072,109.0526315789,281,153.75,161.5,306.4378947368
342,2617,109.0416666667,420,231.5,187.375,457.975
343,654,109,113,231,166.75,123.17
344,327,109,96,227.5,167.875,104.64
345,-109,109,75,176,164.875,81.75
346,327,109,123,101.75,166.625,134.07
347,2726,109.04,192,121.5,176.25,209.3568
348,3708,109.0588235294,522,228,227.75,569.2870588235
349,2508,109.0434782609,516,338.25,257.125,562.6643478261
350,654,109,107,334.25,218,116.63
351,327,109,92,309.25,215.375,100.28
352,327,109,106,205.25,216.625,115.54
353,2181,109.05,150,113.75,226,163.575
354,763,109,145,123.25,228.75,158.05
355,3381,109.064516129,314,178.75,244,342.4625806452
356,2290,109.0476190476,377,246.5,225.875,411.1095238095
357,1417,109,147,245.75,179.75,160.23
358,1090,109,156,248.5,185.875,170.04
359,1963,109.0555555556,149,207.25,193,162.4927777778
360,545,109,102,138.5,192.5,111.18
365,1199,109,168,143.75,194.75,183.12
366,3272,109.0666666667,203,155.5,202,221.4053333333
367,1963,109.0555555556,204,169.25,188.25,222.4733333333
368,872,109,68,160.75,149.625,74.12
369,872,109,80,138.75,141.25,87.2
370,1308,109,80,108,131.75,87.2
371,327,109,79,76.75,123,86.11
372,872,109,76,78.75,119.75,82.84
373,2399,109.0454545455,192,106.75,122.75,209.3672727273
374,3272,109.0666666667,235,145.5,126.75,256.3066666667
375,1417,109,90,148.25,112.5,98.1
376,763,109,97,153.5,116.125,105.73
377,0,0,84,126.5,116.625,0
378,1090,109,102,93.25,119.375,111.18
379,872,109,90,93.25,120.75,98.1
380,2617,109.0416666667,197,118.25,135.875,214.8120833333
381,2072,109.0526315789,212,150.25,138.375,231.1915789474
382,872,109,88,146.75,120,95.92
383,872,109,94,147.75,120.5,102.46
384,218,109,78,118,118.125,85.02
385,1854,109.0588235294,104,91,120.625,113.4211764706
386,1854,109.0588235294,107,95.75,121.25,116.6929411765
387,1854,109.0588235294,168,114.25,131,183.2188235294
388,4253,109.0512820513,256,158.75,138.375,279.1712820513
389,654,109,87,154.5,122.75,94.83
390,872,109,83,148.5,122.125,90.47
391,327,109,95,130.25,122.25,103.55
392,872,109,122,96.75,127.75,132.98
393,218,109,133,108.25,131.375,144.97
394,1636,109.0666666667,202,138,143.25,220.3146666667
395,981,109,249,176.5,153.375,271.41
395,545,109,85,167.25,132,92.65
396,436,109,88,156,132.125,95.92
397,763,109,95,129.25,133.625,103.55
398,872,109,92,90,133.25,100.28
399,327,109,84,89.75,128.5,91.56
400,0,0,188,114.75,135.375,0
401,3053,109.0357142857,256,155,142.125,279.1314285714
402,0,0,98,156.5,123.25,0
403,0,0,81,155.75,122.75,0
404,418,209,88,130.75,122.75,183.92
405,418,209,99,91.5,123.25,206.91
406,837,209.25,127,98.75,127.625,265.7475
407,84,84,294,152,153.875,246.96
408,3141,209.4,478,249.5,190.125,1000.932
409,0,0,102,250.25,170.875,0
410,0,0,73,236.75,167.75,0
411,0,0,87,185,168.5,0
412,193,96.5,102,91,170.25,98.43
413,628,209.3333333333,85,86.75,168.5,177.9333333333
414,837,209.25,201,118.75,177.75,420.5925
415,1466,209.4285714286,236,156,170.5,494.2514285714
416,193,96.5,80,150.5,120.75,77.2
417,209,209,63,145,115.875,131.67
418,0,0,87,116.5,117.625,0
419,84,84,85,78.75,117.375,71.4
420,209,209,102,84.25,117.375,213.18
421,1256,209.3333333333,233,126.75,135.875,487.7466666667
422,1675,209.375,329,187.25,151.875,688.84375
423,418,209,90,188.5,133.625,188.1
425,209,209,71,180.75,132.5,148.39
426,84,84,76,141.5,134.125,63.84
427,169,84.5,88,81.25,134.25,74.36
428,193,96.5,87,80.5,134.5,83.955
429,0,0,231,120.5,150.625,0
430,169,84.5,304,177.5,159.5,256.88
431,84,84,92,178.5,129.875,77.28
432,84,84,108,183.75,132.125,90.72
433,84,84,77,145.25,132.875,64.68
434,84,84,151,107,142.25,126.84
435,209,209,98,108.5,143.5,204.82
436,169,84.5,183,127.25,155.5,154.635
437,169,84.5,455,221.75,183.5,384.475
438,84,84,79,203.75,155.375,66.36
439,209,209,86,200.75,154.625,179.74
440,84,84,84,176,151.625,70.56
441,84,84,85,83.5,152.625,71.4
442,0,0,59,78.5,141.125,0
443,193,96.5,117,86.25,143.5,112.905
444,628,209.3333333333,160,105.25,140.625,334.9333333333
445,0,0,86,105.5,94.5,0
446,0,0,68,107.75,93.125,0
447,209,209,91,101.25,93.75,190.19
448,290,96.6666666667,91,84,94.625,87.9666666667
449,0,0,96,86.5,96,0
450,1047,209.4,216,123.5,115.625,452.304
451,837,209.25,267,167.5,134.375,558.6975
452,418,209,77,164,124,160.93
453,169,84.5,81,160.25,123.375,68.445
454,84,84,96,130.25,126.875,80.64
455,209,209,74,82,124.75,154.66
455,169,84.5,90,85.25,124.625,76.05
456,0,0,138,99.5,129.875,0
457,253,84.3333333333,188,122.5,126.375,158.5466666667
458,-209,209,76,123,102.5,158.84
459,209,209,56,114.5,99.875,117.04
460,96,96,65,96.25,97.875,62.4
461,84,84,76,68.25,95.375,63.84
462,0,0,76,68.25,95.625,0
463,0,0,162,94.75,104.625,0
464,96,96,205,129.75,113,196.8
465,153,153,92,133.75,101,140.76
466,307,153.5,95,138.5,103.375,145.825
467,153,153,83,118.75,106.75,126.99
468,153,153,78,87,108.375,119.34
469,206,103,98,88.5,111.125,100.94
470,153,153,209,117,127.75,319.77
471,461,153.6666666667,204,147.25,133,313.48
472,0,0,95,151.5,119.25,0
473,153,153,74,145.5,117,113.22
474,153,153,75,112,114.5,114.75
475,153,153,111,88.75,118,169.83
476,307,153.5,110,92.5,122,168.85
477,615,153.75,247,135.75,140.625,379.7625
478,461,153.6666666667,279,186.75,149.375,428.73
479,0,0,116,188,138.375,0
480,153,153,101,185.75,139.125,154.53
481,615,153.75,115,152.75,144.25,176.8125
482,153,153,122,113.5,150.125,186.66
483,307,153.5,124,115.5,151.75,190.34
484,461,153.6666666667,302,165.75,175.75,464.0733333333
485,153,153,384,233,192.875,587.52
486,307,153.5,145,238.75,176.125,222.575
487,153,153,214,261.25,188.375,327.42
488,461,153.6666666667,518,315.25,240.5,795.9933333333
489,307,153.5,636,378.25,305.625,976.26
490,769,153.8,802,542.5,390.625,1233.476
491,4002,153.9230769231,1725,920.25,590.75,2655.1730769231
492,2001,153.9230769231,1258,1105.25,710.25,1936.3523076923
493,0,0,96,970.25,674.25,0
494,769,153.8,103,795.5,669,158.414
495,153,153,84,385.25,652.75,128.52
496,309,103,70,88.25,596.75,72.1
497,153,153,76,83.25,526.75,116.28
498,153,153,125,88.75,442.125,191.25
499,307,153.5,158,107.25,246.25,242.53
500,461,153.6666666667,92,112.75,100.5,141.3733333333
501,615,153.75,86,115.25,99.25,132.225
502,153,153,77,103.25,96,117.81
503,206,103,119,93.5,100.375,122.57
504,615,153.75,84,91.5,102.125,129.15
505,307,153.5,113,98.25,106.75,173.455
506,206,103,157,118.25,110.75,161.71
507,307,153.5,71,106.25,99.875,108.985
508,309,103,76,104.25,97.875,78.28
509,288,96,81,96.25,97.25,77.76
510,0,0,57,71.25,94.75,0
511,461,153.6666666667,60,68.5,87.375,92.2
512,0,0,111,77.25,90.75,0
513,615,153.75,121,87.25,91.75,186.0375
514,307,153.5,80,93,82.125,122.8
515,-153,153,53,91.25,79.875,81.09
515,461,153.6666666667,61,78.75,78,93.7366666667
516,461,153.6666666667,51,61.25,74.25,78.37
517,153,153,65,57.5,75.25,99.45
518,153,153,115,73,82.125,175.95
519,153,153,187,104.5,91.625,286.11
520,153,153,73,110,85.625,111.69
521,309,103,80,113.75,85.625,82.4
522,103,103,79,104.75,88.875,81.37
523,309,103,80,78,91.25,82.4
524,309,103,79,79.5,94.75,81.37
525,153,153,165,100.75,107.25,252.45
526,307,153.5,190,128.5,116.625,291.65
527,153,153,103,134.25,106.125,157.59
528,307,153.5,84,135.5,107.5,128.94
529,307,153.5,83,115,107.875,127.405
530,461,153.6666666667,119,97.25,112.875,182.8633333333
531,412,103,131,104.25,119.25,134.93
532,153,153,224,139.25,137.375,342.72
533,307,153.5,343,204.25,159.625,526.505
534,153,153,91,197.25,147.25,139.23
535,153,153,95,188.25,146.25,145.35
536,0,0,89,154.5,146.875,0
537,461,153.6666666667,78,88.25,146.25,119.86
538,923,153.8333333333,82,86,141.625,126.1433333333
539,1077,153.8571428571,134,95.75,142,206.1685714286
540,1385,153.8888888889,200,123.5,139,307.7777777778
541,307,153.5,80,124,106.125,122.8
542,103,103,90,126,106,92.7
543,307,153.5,73,110.75,103.25,112.055
544,153,153,88,82.75,103.125,134.64
545,461,153.6666666667,89,85,104.5,136.7633333333
546,1231,153.875,134,96,111,206.1925
547,1539,153.9,150,115.25,113,230.85
548,1077,153.8571428571,125,124.5,103.625,192.3214285714
549,307,153.5,46,113.75,99.375,70.61
550,103,103,82,100.75,98.375,84.46
551,461,153.6666666667,112,91.25,103.25,172.1066666667
552,307,153.5,106,86.5,105.5,162.71
553,153,153,116,104,108.875,177.48
554,769,153.8,126,115,107.875,193.788
555,153,153,93,110.25,100.75,142.29
556,615,153.75,119,113.5,100,182.9625
557,769,153.8,103,110.25,107.125,158.414
558,153,153,85,100,107.5,130.05
559,307,153.5,71,94.5,102.375,108.985
560,153,153,46,76.25,94.875,70.38
561,923,153.8333333333,118,80,95.125,181.5233333333
562,206,103,74,77.25,88.625,76.22
563,153,153,86,81,87.75,131.58
564,206,103,79,89.25,82.75,81.37
565,769,153.8,85,81,80.5,130.73
566,307,153.5,83,83.25,80.25,127.405
567,1231,153.875,134,95.25,88.125,206.1925
568,1231,153.875,162,116,102.625,249.2775
569,461,153.6666666667,64,110.75,95.875,98.3466666667
570,769,153.8,77,109.25,96.25,118.426
571,153,153,93,99,97.125,142.29
572,153,153,79,78.25,97.125,120.87
573,615,153.75,100,87.25,99,153.75
574,769,153.8,175,111.75,110.5,269.15
575,923,153.8333333333,244,149.5,124.25,375.3533333333
575,461,153.6666666667,83,150.5,114.375,127.5433333333
576,461,153.6666666667,70,143,115.125,107.5666666667
577,153,153,67,116,113.875,102.51
578,307,153.5,80,75,112.25,122.8
579,307,153.5,60,69.25,109.875,92.1
580,1385,153.8888888889,157,91,117,241.6055555556
581,1231,153.875,200,124.25,120.125,307.75
582,153,153,97,128.5,101.75,148.41
583,307,153.5,87,135.25,102.25,133.545
584,307,153.5,112,124,107.5,171.92
585,461,153.6666666667,110,101.5,112.875,169.0333333333
586,153,153,91,100,114.25,139.23
587,516,103.2,163,119,127.125,168.216
588,309,103,206,142.5,133.25,212.18
589,0,0,123,145.75,123.625,0
590,307,153.5,103,148.75,124.375,158.105
591,412,103,125,139.25,129.125,128.75
592,153,153,119,117.5,130,182.07
593,153,153,119,116.5,131.125,182.07
594,206,103,183,136.5,142.625,188.49
595,153,153,212,158.25,148.75,324.36
596,307,153.5,105,154.75,136.125,161.175
597,307,153.5,118,154.5,135.5,181.13
598,0,0,114,137.25,136.875,0
599,0,0,148,121.25,139.75,0
600,1032,103.2,145,131.25,143,149.64
601,153,153,223,157.5,156,341.19
602,1238,103.1666666667,241,189.25,163.25,248.6316666667
603,307,153.5,133,185.5,153.375,204.155
604,307,153.5,177,193.5,162.375,271.695
605,153,153,99,162.5,160,151.47
605,206,103,93,125.5,157.375,95.79
606,153,153,86,113.75,149.625,131.58
607,307,153.5,131,102.25,147.875,201.085
608,153,153,184,123.5,143,281.52
609,153,153,96,124.25,124.875,146.88
610,461,153.6666666667,94,126.25,120,144.4466666667
611,0,0,97,117.75,110,0
612,153,153,89,94,108.75,136.17
613,153,153,114,98.5,111.375,174.42
614,461,153.6666666667,214,128.5,127.375,328.8466666667
615,769,153.8,198,153.75,135.75,304.524
616,153,153,59,146.25,120.125,90.27
617,0,0,139,152.5,125.5,0
618,461,153.6666666667,194,147.5,138,298.1133333333
619,615,153.75,209,150.25,152,321.3375
620,307,153.5,175,179.25,162.75,268.625
621,307,153.5,238,204,178.25,365.33
622,769,153.8,288,227.5,187.5,442.944
623,153,153,127,207,178.625,194.31
624,307,153.5,140,198.25,188.75,214.9
625,153,153,166,180.25,192.125,253.98
626,461,153.6666666667,136,142.25,184.875,208.9866666667
627,0,0,122,141,174,0
628,307,153.5,195,154.75,176.5,299.325
629,615,153.75,293,186.5,183.375,450.4875
630,153,153,105,178.75,160.5,160.65
631,461,153.6666666667,148,185.25,163.125,227.4266666667
632,153,153,106,163,158.875,162.18
633,153,153,121,120,153.25,185.13
634,153,153,103,119.5,149.125,157.59
635,461,153.6666666667,185,128.75,157,284.2833333333
636,615,153.75,264,168.25,165.625,405.9
637,153,153,87,159.75,139.875,133.11
638,307,153.5,90,156.5,138,138.15
639,461,153.6666666667,113,138.5,133.625,173.6433333333
640,307,153.5,86,94,131.125,132.01
641,615,153.75,112,100.25,130,172.2
642,461,153.6666666667,213,131,143.75,327.31
643,1077,153.8571428571,379,197.5,168,583.1185714286
644,461,153.6666666667,138,210.5,152.25,212.06
645,153,153,150,220,160.125,229.5
646,615,153.75,157,206,168.5,241.3875
647,923,153.8333333333,112,139.25,168.375,172.2933333333
648,615,153.75,105,131,170.75,161.4375
649,1231,153.875,234,152,186,360.0675
650,1231,153.875,345,199,202.5,530.86875
651,307,153.5,134,204.5,171.875,205.69
652,615,153.75,138,212.75,171.875,212.175
653,461,153.6666666667,114,182.75,167.375,175.18
654,923,153.8333333333,114,125,162,175.37
655,615,153.75,171,134.25,169.375,262.9125
656,1077,153.8571428571,217,154,183.375,333.87
657,461,153.6666666667,287,197.25,190,441.0233333333
658,307,153.5,114,197.25,161.125,174.99
659,153,153,118,184,159.125,180.54
660,153,153,115,158.5,156.25,175.95
661,153,153,118,116.25,156.75,180.54
662,619,103.1666666667,136,121.75,159.5,140.3066666667
663,1385,153.8888888889,190,139.75,161.875,292.3888888889
664,1077,153.8571428571,261,176.25,167.375,401.5671428571
665,153,153,110,174.25,145.25,168.3
665,307,153.5,107,167,144.375,164.245
666,615,153.75,89,141.75,140.75,136.8375
667,461,153.6666666667,44,87.5,131.875,67.6133333333
668,307,153.5,99,84.75,129.5,151.965
669,923,153.8333333333,171,100.75,133.875,263.055
670,923,153.8333333333,245,139.75,140.75,376.8916666667
671,-153,153,110,156.25,121.875,168.3
672,153,153,91,154.25,119.5,139.23
673,153,153,121,141.75,121.25,185.13
674,615,153.75,123,111.25,125.5,189.1125
675,769,153.8,109,111,133.625,167.642
676,2309,153.9333333333,198,137.75,146,304.788
677,1847,153.9166666667,284,178.5,160.125,437.1233333333
678,615,153.75,109,175,143.125,167.5875
679,615,153.75,101,173,142,155.2875
680,153,153,120,153.5,145.625,183.6
681,461,153.6666666667,148,119.5,149,227.4266666667
682,153,153,151,130,152.5,231.03
683,2001,153.9230769231,359,194.5,183.75,552.5838461538
684,615,153.75,384,260.5,207,590.4
685,923,153.8333333333,145,259.75,189.625,223.0583333333
686,615,153.75,111,249.75,189.875,170.6625
687,307,153.5,133,193.25,193.875,204.155
688,307,153.5,141,132.5,196.5,216.435
689,307,153.5,131,129,194.375,201.085
690,1385,153.8888888889,249,163.5,206.625,383.1833333333
691,923,153.8333333333,298,204.75,199,458.4233333333
692,615,153.75,104,195.5,164,159.9
693,153,153,127,194.5,161.75,194.31
694,153,153,102,157.75,160.625,156.06
695,769,153.8,99,108,156.375,152.262
696,307,153.5,109,109.25,152.375,167.315
697,615,153.75,175,121.25,157.875,269.0625
698,923,153.8333333333,289,168,162.875,444.5783333333
699,615,153.75,114,171.75,139.875,175.275
700,307,153.5,116,173.5,141.375,178.06
701,153,153,113,158,139.625,172.89
702,769,153.8,134,119.25,143.625,206.092
703,307,153.5,115,119.5,145.625,176.525
704,0,0,221,145.75,159.625,0
705,461,153.6666666667,323,198.25,178.125,496.3433333333
706,153,153,89,187,153.125,136.17
707,769,153.8,97,182.5,151,149.186
708,769,153.8,122,157.75,151.75,187.636
709,0,0,137,111.25,154.75,0
710,1077,153.8571428571,151,126.75,156.875,232.3242857143
711,1847,153.9166666667,292,175.5,179,449.4366666667
712,769,153.8,358,234.5,196.125,550.604
713,923,153.8333333333,159,240,175.625,244.595
714,769,153.8,130,234.75,180.75,199.94
715,461,153.6666666667,113,190,182.75,173.6433333333
716,1077,153.8571428571,135,134.25,184.375,207.7071428571
717,461,153.6666666667,161,134.75,187.375,247.4033333333
718,1077,153.8571428571,324,183.25,209,498.4971428571
719,769,153.8,441,265.25,227.625,678.258
720,307,153.5,330,314,224.125,506.55
721,1385,153.8888888889,206,325.25,230,317.0111111111
722,923,153.8333333333,157,283.5,233.375,241.5183333333
723,1231,153.875,204,224.25,244.75,313.905
724,1847,153.9166666667,234,200.25,257.125,360.165
725,1077,153.8571428571,223,204.5,264.875,343.1014285714
730,153,153,194,213.75,248.625,296.82
731,307,153.5,109,190,207.125,167.315
732,461,153.6666666667,99,156.25,178.25,152.13
733,307,153.5,87,122.25,163.375,133.545
734,1385,153.8888888889,97,98,155.875,149.2722222222
735,307,153.5,65,87,138.5,99.775
736,769,153.8,101,87.5,121.875,155.338
737,1539,153.9,172,108.75,115.5,264.708
738,307,153.5,61,99.75,98.875,93.635
739,615,153.75,61,98.75,92.875,93.7875
740,153,153,95,97.25,92.375,145.35
741,923,153.8333333333,100,79.25,94,153.8333333333
742,461,153.6666666667,72,82,90.875,110.64
743,1077,153.8571428571,148,103.75,101.25,227.7085714286
744,0,0,207,131.75,114.5,0
745,461,153.6666666667,80,126.75,103,122.9333333333
746,615,153.75,84,129.75,105.875,129.15
747,615,153.75,101,118,110.875,155.2875
748,461,153.6666666667,143,102,116.875,219.7433333333
749,615,153.75,112,110,118.375,172.2
750,1385,153.8888888889,204,140,134.875,313.9333333333
751,1385,153.8888888889,261,180,149,401.65
752,153,153,128,176.25,139.125,195.84
753,153,153,119,178,144,182.07
754,461,153.6666666667,133,160.25,150.125,204.3766666667
755,461,153.6666666667,106,121.5,150.75,162.8866666667
756,1077,153.8571428571,128,121.5,148.875,196.9371428571
757,1385,153.8888888889,225,148,163,346.25
758,1539,153.9,281,185,172.625,432.459
759,153,153,114,187,154.25,174.42
760,0,0,90,177.5,149.5,0
