0 0 0.0
0 0 0.0
0 0 0.0
0 0 0.0
0 0 0.0
0 0 0.0
0 0 0.0
0 0 0.0
0 0 0.0
0 0 0.0
0 0 0.0
0 0 0.0
0 0 0.0
0 0 0.0
0 0 0.0
0 0 0.0
1 1 4.28328
2 1 4.28328
2 1 4.28328
10 1 4.28328
10 1 4.28328
11 1 4.28328
11 1 4.28328
11 1 4.28328
13 3 4.28328
16 2 4.28328
18 1 4.28328
22 1 4.28328
22 1 3.72804
23 1 4.77242
23 1 4.78564
23 1 4.77242
23 1 4.77242
24 1 4.77242
24 2 4.77242
24 1 4.627
25 1 4.77242
27 2 4.38904
28 1 4.77242
30 1 4.77242
30 1 4.77242
32 1 4.77242
32 1 4.77242
35 1 4.77242
36 1 4.77242
37 3 4.37582
37 1 4.77242
37 1 4.60056
37 2 4.77242
37 1 4.77242
38 1 4.77242
40 1 4.05854
40 1 4.77242
43 1 4.77242
43 1 4.77242
43 1 4.77242
44 1 4.77242
45 1 4.77242
45 1 3.59584
45 2 4.77242
46 1 4.77242
48 3 4.77242
48 1 4.77242
51 1 4.77242
56 1 3.71482
57 1 4.38904
60 1 4.77242
60 1 4.77242
61 1 4.77242
67 1 4.77242
68 2 4.77242
73 0 0.0
73 0 0.0
75 0 0.0
78 1 4.77242
80 1 4.77242
81 1 4.00566
84 1 4.77242
85 1 4.77242
89 1 4.52124
90 1 2.65722
90 2 4.77242
91 0 0.0
92 0 0.0
95 0 0.0
97 1 4.77242
100 1 4.77242
100 1 4.77242
100 1 4.77242
101 1 4.77242
106 1 4.77242
107 1 4.77242
108 1 4.77242
108 1 4.77242
109 1 4.77242
109 1 4.77242
111 1 4.38904
112 1 4.77242
117 1 4.77242
119 1 4.77242
121 1 4.77242
135 1 4.77242
137 1 4.77242
141 1 4.77242
149 1 4.77242
149 1 4.77242
151 1 4.77242
152 0 0.0
157 0 0.0
167 1 4.77242
168 1 4.77242
168 1 4.77242
169 2 4.77242
170 1 4.77242
171 1 4.77242
173 1 4.77242
176 2 4.77242
177 1 4.77242
189 0 0.0
190 1 4.77242
192 1 4.77242
192 1 4.77242
193 3 4.77242
194 1 4.77242
194 1 4.77242
194 1 4.77242
195 1 4.77242
196 1 4.77242
205 2 4.77242
209 1 4.77242
210 0 0.0
211 1 4.77242
211 2 4.77242
212 0 0.0
213 2 4.77242
213 0 0.0
213 0 0.0
214 1 4.77242
214 0 0.0
214 1 4.77242
215 0 0.0
215 1 4.77242
216 3 4.77242
217 1 4.77242
217 2 4.77242
219 1 4.77242
221 0 0.0
222 3 4.77242
223 1 4.77242
224 2 4.77242
224 2 4.77242
224 2 4.77242
225 4 4.77242
226 6 4.77242
226 0 0.0
226 0 0.0
226 3 4.77242
227 3 4.77242
227 0 0.0
227 1 4.77242
228 1 4.77242
228 1 4.77242
228 1 4.77242
228 1 4.77242
229 13 4.77242
229 1 4.77242
229 0 0.0
229 2 4.77242
230 3 4.77242
230 0 0.0
230 1 4.77242
230 0 0.0
230 0 0.0
231 1 4.77242
231 1 4.77242
231 3 4.77242
231 2 4.77242
231 2 4.77242
232 2 4.77242
232 4 4.77242
232 1 4.77242
232 2 4.77242
232 2 4.77242
232 2 4.77242
232 2 4.77242
233 4 4.77242
233 1 4.77242
233 1 4.77242
233 1 4.77242
233 1 4.77242
233 1 4.77242
234 1 4.77242
234 1 4.77242
234 1 4.77242
234 1 4.77242
234 1 4.77242
234 2 4.77242
234 1 4.77242
234 2 4.77242
234 1 4.77242
235 1 4.77242
235 1 4.77242
235 1 4.77242
235 2 4.77242
235 8 4.77242
236 1 4.77242
236 1 4.77242
236 2 4.77242
236 3 4.77242
237 3 4.77242
237 2 4.77242
237 1 4.77242
237 2 4.77242
237 1 4.77242
237 1 4.77242
237 1 4.77242
238 4 4.77242
238 1 4.77242
238 1 4.77242
238 1 4.77242
238 1 4.78564
238 5 4.77242
239 2 4.77242
239 1 4.77242
239 4 4.77242
239 4 4.77242
240 2 4.77242
240 7 4.77242
240 0 0.0
240 1 4.77242
240 1 4.77242
240 6 4.77242
240 1 4.77242
240 1 4.77242
240 2 4.77242
241 6 4.77242
241 10 4.77242
241 5 4.77242
241 1 4.77242
241 1 4.77242
241 1 4.77242
242 2 4.77242
242 1 4.77242
242 2 4.77242
243 1 4.77242
243 3 4.77242
243 5 4.77242
243 1 4.77242
244 10 1.44098
244 1 4.77242
244 2 4.77242
244 1 4.77242
244 1 4.77242
244 1 4.77242
245 4 4.77242
245 3 4.77242
245 2 4.77242
245 5 4.627
245 4 4.77242
245 3 4.77242
245 1 4.77242
246 2 4.77242
246 2 4.77242
246 1 4.77242
246 3 4.77242
246 2 4.61378
246 1 4.77242
247 1 4.77242
247 4 4.77242
247 5 4.77242
247 2 4.77242
247 1 4.77242
247 6 4.77242
248 2 4.77242
248 3 4.77242
248 5 4.77242
248 3 4.77242
248 1 4.77242
248 1 4.77242
249 4 4.77242
249 3 4.77242
249 6 4.73276
249 1 4.77242
249 1 4.77242
250 4 4.58734
250 1 4.77242
251 1 4.77242
251 3 4.77242
251 1 4.77242
251 2 4.77242
252 4 4.77242
252 1 4.77242
252 1 4.77242
252 1 4.77242
252 5 4.77242
252 1 4.77242
253 0 0.0
253 0 0.0
253 1 5.20868
253 2 5.20868
253 2 4.77242
254 5 5.19546
254 1 5.19546
254 2 5.20868
254 1 5.19546
254 3 5.20868
254 1 5.20868
254 3 5.20868
255 1 5.20868
255 0 0.0
255 1 4.91784
255 1 5.19546
255 1 5.20868
256 2 5.19546
256 1 5.19546
256 3 5.20868
256 1 5.20868
257 0 0.0
257 1 5.20868
257 0 0.0
257 0 0.0
257 2 5.20868
257 3 5.19546
257 1 5.20868
258 0 0.0
258 2 5.20868
258 1 5.19546
258 2 5.19546
258 2 5.20868
258 2 5.20868
259 3 5.19546
259 2 4.81208
259 1 5.19546
259 10 5.20868
259 1 5.19546
259 3 5.20868
260 0 0.0
260 0 0.0
260 0 0.0
260 1 5.20868
260 2 5.20868
260 2 4.98394
260 0 0.0
260 0 0.0
260 1 5.19546
260 1 5.19546
260 0 0.0
260 0 0.0
261 1 5.20868
261 1 5.19546
261 3 5.20868
261 1 5.20868
261 1 5.20868
261 2 5.20868
261 1 3.305
261 2 5.20868
262 1 5.20868
262 3 5.19546
262 8 5.19546
262 1 5.10292
262 2 5.20868
262 2 5.20868
263 1 5.19546
263 3 5.20868
263 1 5.19546
264 3 5.20868
264 2 5.20868
264 1 5.19546
264 2 5.20868
264 2 4.85174
264 3 5.19546
264 2 5.20868
265 3 5.20868
265 5 5.20868
265 2 5.20868
265 2 5.20868
265 3 5.20868
265 1 5.19546
265 2 5.20868
265 1 5.19546
265 2 5.20868
265 2 5.20868
266 3 5.20868
266 1 5.19546
266 2 5.20868
266 2 5.20868
266 9 5.20868
266 2 5.20868
266 6 5.18224
266 13 5.19546
266 2 5.20868
266 5 5.20868
266 1 5.19546
266 1 5.19546
266 1 5.20868
267 4 5.20868
267 3 5.20868
267 3 5.19546
267 9 5.20868
267 4 5.20868
267 16 5.19546
267 12 5.20868
267 8 5.20868
267 7 5.19546
267 5 5.20868
267 1 5.20868
267 6 1.75826
267 9 5.20868
267 5 5.20868
268 8 5.20868
268 5 5.20868
268 7 5.19546
268 3 5.19546
268 3 5.20868
268 11 5.20868
268 8 5.10292
268 1 5.20868
268 1 5.20868
268 3 5.19546
268 7 5.19546
268 2 5.20868
268 7 4.45514
268 4 5.20868
269 2 5.20868
269 4 5.20868
269 1 5.20868
269 4 5.20868
269 2 5.20868
269 3 5.19546
269 2 5.20868
269 6 5.20868
270 3 5.19546
270 3 5.20868
270 4 5.20868
270 2 5.20868
270 2 5.20868
270 1 5.20868
270 1 5.20868
270 1 5.20868
270 2 5.20868
270 6 5.20868
270 2 5.20868
270 3 5.20868
271 2 5.20868
271 5 5.20868
271 2 5.20868
271 3 5.20868
271 2 5.20868
271 11 5.20868
271 3 5.20868
272 5 5.20868
272 2 5.19546
272 2 5.20868
272 7 5.19546
272 1 5.20868
272 2 5.20868
272 1 5.19546
272 1 5.20868
272 5 5.19546
272 3 5.20868
272 5 5.19546
272 2 0.0661
273 1 5.20868
273 3 5.20868
273 3 5.19546
273 5 5.20868
273 5 5.20868
273 1 5.19546
273 1 5.20868
273 1 5.20868
273 1 5.20868
273 2 5.20868
273 9 5.20868
273 3 5.19546
273 11 5.20868
274 2 5.20868
274 1 5.20868
274 1 5.19546
274 3 5.20868
274 4 5.20868
275 1 5.19546
275 1 5.20868
275 1 5.20868
275 2 5.20868
275 3 5.20868
275 1 5.20868
276 1 5.20868
276 0 0.0
276 4 5.20868
276 1 5.19546
277 1 5.19546
277 1 5.20868
277 1 5.19546
277 1 5.20868
277 2 5.20868
277 1 5.20868
277 2 5.20868
277 1 5.19546
277 1 5.19546
278 1 5.19546
278 1 5.20868
278 4 5.20868
278 1 5.20868
279 2 5.20868
279 1 5.20868
279 3 5.19546
279 1 5.20868
279 1 5.19546
279 1 5.20868
279 4 5.20868
280 1 5.19546
280 2 5.20868
280 4 5.20868
280 1 5.20868
280 1 5.20868
280 2 5.20868
280 1 5.20868
280 1 5.20868
280 4 5.20868
280 1 5.19546
281 3 5.19546
281 2 5.20868
282 3 5.19546
282 1 5.19546
282 3 5.20868
282 1 5.20868
283 1 5.19546
284 2 5.20868
284 1 5.20868
285 1 5.20868
285 1 5.19546
286 1 5.20868
286 1 5.20868
286 1 4.61378
286 2 5.20868
287 1 5.20868
287 2 5.20868
287 2 5.20868
287 1 5.20868
287 1 5.20868
287 1 5.20868
288 3 5.20868
288 1 5.20868
289 3 5.19546
289 1 5.20868
291 1 5.19546
292 1 5.20868
292 1 4.41548
293 2 5.20868
293 1 5.20868
294 2 5.20868
294 2 5.20868
294 1 5.19546
294 1 5.19546
294 1 5.20868
295 2 5.20868
295 1 5.20868
295 1 5.20868
296 1 5.20868
297 1 5.20868
297 2 5.20868
297 1 5.19546
297 1 5.19546
298 1 2.67044
299 1 5.19546
300 1 5.19546
301 1 5.20868
301 1 5.20868
303 3 5.19546
303 1 5.19546
303 1 5.20868
304 1 5.20868
304 1 5.20868
304 1 5.19546
305 3 5.19546
305 1 5.20868
306 1 5.20868
306 1 5.19546
306 2 5.20868
307 1 5.20868
308 1 5.20868
309 2 5.20868
309 2 5.20868
309 1 5.20868
310 3 5.20868
312 1 5.19546
312 0 0.0
313 1 5.20868
313 1 5.19546
313 1 5.20868
313 0 0.0
313 0 0.0
314 2 5.20868
314 1 5.20868
315 0 0.0
315 0 0.0
315 1 5.19546
316 0 0.0
317 3 5.19546
318 1 5.20868
318 1 5.20868
320 1 5.20868
320 1 5.20868
320 1 5.20868
321 2 5.19546
323 2 5.20868
323 1 5.20868
324 0 0.0
325 1 5.19546
326 1 5.19546
327 1 5.20868
327 1 5.20868
327 1 5.19546
329 0 0.0
334 1 5.20868
335 1 5.19546
335 2 5.20868
337 2 5.20868
338 1 5.20868
340 1 5.20868
341 2 5.20868
342 1 5.19546
342 1 5.20868
342 1 5.19546
342 1 5.19546
343 1 5.20868
345 2 5.20868
346 1 5.20868
347 1 5.20868
348 1 5.20868
349 1 5.20868
354 1 5.20868
356 1 5.20868
358 1 5.20868
365 0 0.0
365 0 0.0
365 0 0.0
365 0 0.0
365 0 0.0
365 0 0.0
365 0 0.0
365 0 0.0
365 1 5.19546
365 0 0.0
365 0 0.0
365 1 5.20868
365 0 0.0
365 0 0.0
366 1 4.77242
370 1 5.19546
373 2 5.19546
374 4 5.20868
378 1 5.19546
379 1 5.19546
379 1 5.20868
381 2 5.20868
381 1 5.20868
381 1 5.20868
386 1 5.20868
387 1 5.19546
388 1 5.19546
388 1 5.20868
389 1 5.19546
390 1 5.20868
390 1 5.20868
394 1 5.20868
395 1 5.20868
395 1 5.19546
395 1 5.20868
396 1 5.19546
397 1 5.19546
397 1 5.19546
397 1 5.19546
398 0 0.0
398 1 5.19546
399 2 5.19546
399 2 5.20868
399 4 5.20868
400 1 5.19546
400 1 5.19546
401 1 5.19546
401 1 5.19546
401 1 5.20868
402 1 5.19546
403 0 0.0
403 1 5.20868
405 0 0.0
407 2 5.20868
407 1 5.20868
408 1 5.19546
408 3 5.19546
408 1 5.20868
410 1 5.20868
410 1 5.20868
410 1 5.19546
412 1 5.20868
413 1 5.19546
413 1 5.19546
414 3 5.19546
414 1 5.20868
415 2 5.20868
415 1 5.20868
416 1 5.20868
417 1 5.20868
419 2 5.20868
420 1 5.20868
421 2 5.20868
421 1 5.20868
422 1 5.20868
422 3 5.20868
422 1 5.20868
428 1 5.20868
428 1 5.20868
429 3 5.20868
430 2 5.20868
432 1 5.19546
433 1 5.20868
436 1 5.20868
437 3 5.19546
439 1 5.20868
442 1 5.19546
444 1 5.20868
444 2 5.20868
445 2 5.20868
445 1 5.19546
448 1 5.20868
450 1 5.19546
451 1 5.19546
451 1 5.19546
455 1 5.20868
456 1 5.19546
456 1 5.20868
458 2 5.19546
459 1 5.20868
460 1 5.19546
462 1 5.20868
464 1 5.19546
464 1 5.19546
464 1 5.20868
467 2 5.19546
475 1 5.20868
476 0 0.0
480 1 5.20868
484 1 5.20868
486 3 5.20868
489 0 0.0
491 1 5.19546
492 1 5.20868
494 1 5.20868
498 1 5.8168
498 1 5.8168
499 1 5.8168
499 1 5.8168
501 1 5.8168
503 1 5.8168
503 1 5.8168
506 1 5.8168
508 0 0.0
510 0 0.0
510 0 0.0
510 0 0.0
511 0 0.0
511 0 0.0
511 2 5.8168
512 0 0.0
512 0 0.0
513 4 5.8168
515 0 0.0
519 1 5.8168
524 1 5.8168
525 1 5.8168
531 1 5.8168
532 1 5.8168
533 2 5.8168
533 1 5.8168
535 1 5.8168
538 2 5.8168
538 2 5.8168
539 1 5.8168
539 1 5.8168
542 1 5.8168
551 2 5.8168
553 2 5.8168
557 1 5.8168
562 1 5.8168
564 1 5.8168
566 0 0.0
567 1 5.8168
568 1 5.8168
569 1 5.8168
570 2 5.8168
571 1 5.8168
571 0 0.0
571 0 0.0
574 0 0.0
574 0 0.0
575 0 0.0
576 1 5.8168
577 0 0.0
577 0 0.0
577 0 0.0
578 0 0.0
578 0 0.0
579 1 5.8168
579 1 5.80358
580 0 0.0
581 2 5.8168
581 1 5.8168
582 2 5.8168
582 0 0.0
583 1 5.8168
586 0 0.0
588 1 5.8168
589 0 0.0
589 3 5.8168
589 0 0.0
589 0 0.0
589 0 0.0
590 3 5.8168
590 0 0.0
590 0 0.0
591 2 5.8168
591 0 0.0
592 1 5.8168
592 0 0.0
592 3 5.8168
592 2 5.8168
593 2 5.8168
594 1 5.8168
596 3 5.8168
596 3 5.8168
596 0 0.0
596 0 0.0
596 1 5.8168
597 1 5.8168
597 2 5.8168
597 3 5.8168
598 1 5.8168
598 2 5.8168
598 1 5.8168
599 0 0.0
599 0 0.0
599 1 5.8168
600 4 5.8168
600 1 5.8168
601 3 5.8168
601 3 5.8168
601 0 0.0
602 5 5.8168
602 2 5.8168
602 1 5.8168
603 2 5.8168
603 1 5.8168
604 2 5.8168
604 3 5.8168
604 1 5.8168
605 5 5.8168
605 2 5.8168
605 1 5.8168
605 3 5.8168
605 2 5.8168
605 1 5.8168
605 6 5.77714
605 1 5.8168
606 3 5.8168
606 1 5.8168
606 1 5.8168
606 1 5.8168
606 1 5.8168
607 6 5.8168
607 1 5.8168
607 2 5.8168
607 2 5.8168
608 7 5.8168
608 4 5.8168
608 3 5.8168
608 1 5.8168
608 1 5.8168
608 1 5.8168
608 1 5.8168
609 1 5.8168
609 2 5.8168
609 2 5.8168
609 1 5.8168
609 0 0.0
610 1 5.8168
610 1 5.8168
610 2 5.8168
610 2 5.8168
610 1 5.8168
610 0 0.0
610 1 5.8168
610 1 5.8168
611 1 5.8168
611 5 5.8168
611 4 5.8168
611 1 5.8168
612 1 5.8168
612 1 5.8168
613 1 5.8168
613 1 2.47214
613 1 5.8168
613 1 5.8168
613 1 5.8168
613 2 5.8168
613 2 5.8168
613 1 5.8168
614 3 5.8168
614 2 5.8168
614 1 5.8168
614 1 5.8168
614 1 5.8168
614 2 5.8168
614 1 5.8168
615 2 5.8168
615 4 5.8168
615 1 5.8168
616 2 5.8168
616 1 5.8168
616 2 5.8168
616 1 5.8168
617 1 5.8168
617 1 5.8168
618 1 5.8168
618 1 5.8168
618 2 5.8168
618 2 5.8168
618 1 5.8168
618 1 5.8168
618 1 5.8168
619 3 5.8168
619 1 5.8168
619 1 5.8168
619 1 5.8168
619 2 5.8168
619 3 5.8168
619 1 5.8168
620 1 5.8168
620 2 5.8168
620 5 5.8168
620 2 5.8168
620 4 5.8168
620 3 5.8168
620 3 5.8168
620 7 5.8168
620 3 5.8168
620 1 5.8168
621 1 5.8168
621 1 5.8168
621 2 5.8168
621 1 5.8168
621 2 5.8168
621 1 5.8168
621 1 5.8168
621 12 5.8168
621 1 5.8168
621 4 5.8168
621 1 5.8168
622 1 5.8168
622 1 5.8168
622 2 5.8168
622 1 5.8168
622 2 5.8168
622 6 5.8168
622 1 5.8168
622 1 5.8168
622 7 5.8168
622 1 5.8168
622 1 5.8168
622 4 5.8168
622 1 5.8168
622 1 5.8168
623 4 5.8168
623 1 5.8168
623 3 5.8168
623 4 5.8168
623 2 5.8168
623 9 5.8168
623 3 5.8168
623 1 5.8168
623 5 5.8168
623 11 2.61756
623 3 5.8168
623 8 5.8168
623 1 5.8168
624 2 5.8168
624 3 5.8168
624 2 5.8168
624 5 5.8168
624 2 5.8168
624 8 5.8168
624 2 5.8168
624 8 5.8168
624 1 5.8168
624 3 5.8168
624 1 5.8168
624 1 5.8168
624 16 3.8296688
624 1 5.8168
624 6 5.8168
624 1 5.8168
625 8 5.8168
625 3 5.8168
625 1 5.8168
625 1 5.8168
625 1 5.8168
625 1 5.8168
625 2 5.8168
625 3 5.8168
625 1 5.8168
625 3 5.8168
625 2 0.18508
625 5 5.8168
625 2 5.8168
626 1 5.8168
626 3 5.8168
626 2 5.8168
626 1 5.8168
626 1 5.8168
626 1 5.8168
626 1 5.8168
626 1 0.88574
626 1 0.0
627 1 5.8168
627 1 5.8168
627 1 5.8168
627 3 5.8168
627 2 5.8168
627 1 5.8168
627 1 5.8168
627 1 5.8168
627 2 0.09254
628 1 5.8168
628 1 5.8168
628 2 5.8168
628 3 5.8168
628 1 5.8168
628 4 5.8168
628 5 5.8168
628 1 5.8168
628 3 5.8168
628 4 1.04438
628 4 5.8168
628 7 0.8309714
628 1 5.8168
629 2 5.8168
629 1 5.8168
629 1 5.8168
629 2 5.8168
629 4 5.8168
629 3 5.8168
629 2 5.8168
629 1 5.8168
629 3 5.8168
629 4 5.8168
629 2 5.8168
629 3 5.8168
629 5 1.21624
629 2 5.8168
630 1 5.8168
630 2 5.8168
630 1 5.8168
630 1 5.8168
630 1 5.8168
631 2 5.8168
631 1 5.8168
631 0 0.0
631 1 5.8168
631 2 5.8168
631 2 5.8168
632 0 0.0
632 1 5.8168
632 3 5.8168
632 0 0.0
632 0 0.0
632 0 0.0
632 0 0.0
632 0 0.0
632 0 0.0
632 0 0.0
632 0 0.0
632 0 0.0
632 0 0.0
632 0 0.0
632 0 0.0
632 1 5.8168
632 0 0.0
632 0 0.0
632 0 0.0
632 0 0.0
633 2 5.8168
633 1 5.8168
633 1 5.8168
633 2 5.8168
633 1 5.8168
633 3 5.8168
634 1 5.8168
634 1 5.8168
634 4 5.8168
634 2 5.8168
634 1 5.8168
635 0 0.0
635 0 0.0
635 0 0.0
635 1 5.8168
635 2 5.8168
635 2 5.8168
635 0 0.0
635 0 0.0
635 1 5.8168
635 1 5.8168
635 2 5.8168
635 1 5.8168
635 1 5.8168
635 0 0.0
635 0 0.0
636 1 5.8168
636 0 0.0
636 2 5.8168
636 1 5.8168
636 1 5.8168
636 0 0.0
636 0 0.0
636 0 0.0
636 0 0.0
636 2 5.8168
636 0 0.0
636 0 0.0
636 0 0.0
636 5 5.8168
638 3 5.8168
638 2 5.8168
638 1 5.8168
638 1 5.8168
639 1 5.8168
640 0 0.0
640 1 5.80358
640 1 5.8168
640 1 5.8168
641 1 5.8168
641 0 0.0
641 0 0.0
641 0 0.0
641 1 5.8168
641 0 0.0
641 0 0.0
641 1 5.8168
641 0 0.0
641 1 5.8168
641 0 0.0
641 0 0.0
641 0 0.0
641 0 0.0
642 2 5.8168
642 1 5.8168
642 1 5.8168
643 2 5.8168
643 1 5.8168
643 1 5.8168
643 1 5.8168
643 1 5.8168
643 1 5.8168
643 2 0.07932
644 1 5.8168
644 1 5.8168
644 1 5.8168
645 1 5.8168
649 0 0.0
650 1 5.8168
650 1 5.8168
650 2 5.8168
651 6 5.8168
651 1 5.8168
653 1 5.8168
654 1 5.8168
654 1 5.8168
654 1 5.8168
656 2 5.8168
656 1 5.8168
656 1 5.8168
659 1 5.8168
661 0 0.0
661 0 0.0
661 0 0.0
661 0 0.0
661 0 0.0
661 0 0.0
661 0 0.0
661 0 0.0
661 0 0.0
662 1 5.8168
662 1 5.8168
662 1 5.8168
662 0 0.0
662 1 5.8168
663 1 5.8168
663 1 5.8168
664 1 5.8168
664 1 5.8168
665 1 5.8168
665 0 0.0
665 1 5.8168
665 1 5.8168
666 0 0.0
666 1 5.8168
667 1 5.8168
668 1 5.8168
668 1 5.8168
669 2 5.8168
669 1 5.8168
669 1 5.8168
670 2 5.8168
670 1 5.8168
672 1 5.8168
675 3 5.8168
675 1 5.8168
676 1 5.8168
676 1 5.8168
676 2 5.8168
676 2 5.8168
679 0 0.0
679 1 5.8168
680 1 5.8168
683 2 5.8168
687 0 0.0
687 1 5.8168
687 1 5.8168
688 1 5.8168
689 0 0.0
689 0 0.0
690 1 5.8168
690 0 0.0
690 0 0.0
690 1 5.8168
691 1 5.8168
691 1 5.8168
692 0 0.0
692 1 5.8168
694 1 5.8168
694 1 5.8168
694 2 5.8168
695 0 0.0
697 1 5.8168
697 0 0.0
697 1 5.8168
699 0 0.0
700 0 0.0
700 0 0.0
700 1 5.8168
701 2 5.8168
701 0 0.0
701 0 0.0
702 1 5.8168
702 1 5.8168
704 0 0.0
704 2 5.8168
704 0 0.0
705 3 5.8168
706 0 0.0
707 1 5.8168
707 0 0.0
708 0 0.0
711 0 0.0
711 2 6.42492
712 1 6.42492
712 1 6.42492
713 1 6.42492
714 1 6.42492
716 1 6.42492
719 3 6.42492
719 2 6.42492
719 1 6.42492
719 2 6.42492
720 0 0.0
722 1 6.42492
722 1 6.42492
725 1 6.42492
725 1 6.42492
731 1 6.42492
731 1 6.42492
736 1 6.42492
737 2 6.42492
737 1 6.42492
741 0 0.0
741 0 0.0
741 0 0.0
741 0 0.0
741 0 0.0
741 0 0.0
741 0 0.0
741 0 0.0
741 0 0.0
741 0 0.0
741 0 0.0
741 0 0.0
741 0 0.0
741 0 0.0
741 0 0.0
741 0 0.0
741 0 0.0
744 1 6.42492
744 1 6.42492
745 1 6.42492
745 0 0.0
745 0 0.0
753 1 6.42492
755 0 0.0
756 1 6.42492
760 1 6.42492
760 1 6.42492
760 2 6.42492
