111 0 0.0
111 0 0.0
111 0 0.0
120 2 77.0033
120 1 77.0033
120 1 77.0033
122 1 77.0033
126 0 0.0
127 0 0.0
127 0 0.0
131 0 0.0
131 0 0.0
131 0 0.0
136 1 77.0033
141 0 0.0
141 0 0.0
141 0 0.0
141 0 0.0
141 0 0.0
141 0 0.0
141 0 0.0
142 1 77.0033
143 1 77.0033
143 1 77.0033
144 0 0.0
147 1 77.0033
148 0 0.0
149 1 77.0033
150 1 77.0033
150 1 30.792986
150 1 77.0033
150 0 0.0
151 0 0.0
152 0 0.0
155 1 77.0033
155 1 61.902607
155 1 65.334694
156 1 63.49119
156 2 77.0033
157 0 0.0
157 0 0.0
157 0 0.0
158 0 0.0
159 0 0.0
159 1 77.0033
160 0 0.0
160 0 0.0
161 0 0.0
162 1 77.0033
162 1 56.413094
163 1 77.0033
164 0 0.0
164 0 0.0
164 1 77.0033
165 1 77.0033
165 0 0.0
166 1 77.0033
166 0 0.0
167 1 65.33511
167 1 61.691517
167 1 77.0033
168 2 62.19271
168 1 61.990936
169 1 53.907707
170 1 61.60111
170 1 53.907707
170 1 61.60111
171 1 43.118397
172 1 61.60111
174 1 53.907707
175 1 51.30443
175 1 56.741707
176 1 56.741707
177 -1 54.670063
179 1 61.60111
180 0 0.0
180 1 53.907707
181 0 0.0
181 1 61.60111
181 0 0.0
181 0 0.0
182 0 0.0
184 1 50.0571
186 0 0.0
186 -1 77.0033
186 1 51.300686
188 1 50.053272
188 1 61.60111
189 1 50.0571
190 1 52.690903
190 2 55.82719
191 1 50.0571
192 1 50.049446
193 2 58.609207
194 1 52.690903
195 1 50.0571
198 2 57.904118
198 0 0.0
200 1 61.60111
201 0 0.0
202 0 0.0
203 0 0.0
204 0 0.0
204 1 50.0571
210 0 0.0
213 1 47.669815
221 1 61.60111
222 1 61.60111
241 0 0.0
291 -1 46.198837
292 0 0.0
317 0 0.0
