240 0 0.0
240 0 0.0
242 0 0.0
244 0 0.0
246 0 0.0
246 0 0.0
246 0 0.0
246 0 0.0
247 0 0.0
247 0 0.0
247 0 0.0
247 0 0.0
247 0 0.0
247 0 0.0
247 0 0.0
248 0 0.0
249 0 0.0
249 0 0.0
250 1 77.616714
250 1 77.616714
251 0 0.0
251 1 77.616714
253 1 77.616714
254 0 0.0
254 0 0.0
255 0 0.0
255 0 0.0
255 0 0.0
255 0 0.0
255 1 77.616714
256 1 77.616714
256 0 0.0
256 0 0.0
257 0 0.0
257 1 77.616714
258 1 77.616714
259 1 77.616714
259 2 80.682915
259 1 83.749115
260 0 0.0
260 1 77.616714
260 1 77.616714
260 1 77.616714
260 2 77.616714
261 1 77.616714
262 1 77.616714
262 0 0.0
264 0 0.0
265 1 77.616714
265 1 77.616714
267 1 77.616714
267 0 0.0
267 0 0.0
269 0 0.0
269 0 0.0
269 -1 77.616714
270 0 0.0
270 0 0.0
270 0 0.0
270 0 0.0
270 0 0.0
270 0 0.0
270 0 0.0
270 0 0.0
270 0 0.0
271 0 0.0
271 0 0.0
271 0 0.0
271 0 0.0
271 0 0.0
271 0 0.0
271 0 0.0
271 0 0.0
271 0 0.0
272 0 0.0
272 1 77.616714
272 0 0.0
272 0 0.0
272 0 0.0
272 1 77.616714
272 0 0.0
272 0 0.0
272 0 0.0
272 0 0.0
273 0 0.0
273 0 0.0
273 0 0.0
273 0 0.0
273 0 0.0
273 0 0.0
273 0 0.0
274 0 0.0
274 1 77.616714
274 0 0.0
274 0 0.0
274 0 0.0
274 0 0.0
274 0 0.0
274 0 0.0
275 0 0.0
275 0 0.0
275 0 0.0
275 0 0.0
275 0 0.0
275 0 0.0
275 0 0.0
275 0 0.0
276 0 0.0
276 0 0.0
276 0 0.0
276 0 0.0
276 0 0.0
276 0 0.0
276 0 0.0
277 0 0.0
277 0 0.0
277 0 0.0
277 0 0.0
277 0 0.0
277 1 77.616714
278 0 0.0
278 0 0.0
278 0 0.0
278 0 0.0
278 1 77.616714
279 0 0.0
279 1 77.616714
279 0 0.0
279 1 77.616714
279 0 0.0
279 1 77.616714
280 0 0.0
280 2 38.812668
280 0 0.0
280 0 0.0
280 1 77.616714
280 0 0.0
281 0 0.0
281 1 83.749115
281 0 0.0
281 0 0.0
281 0 0.0
281 0 0.0
282 0 0.0
282 0 0.0
282 0 0.0
282 0 0.0
282 0 0.0
283 0 0.0
283 0 0.0
283 0 0.0
283 0 0.0
284 0 0.0
284 0 0.0
284 0 0.0
284 0 0.0
285 0 0.0
285 1 83.749115
285 0 0.0
285 1 77.616714
285 0 0.0
285 0 0.0
286 0 0.0
286 0 0.0
286 0 0.0
286 0 0.0
287 0 0.0
287 0 0.0
287 1 77.616714
287 1 77.616714
287 0 0.0
288 0 0.0
288 0 0.0
288 0 0.0
288 0 0.0
289 0 0.0
289 1 77.616714
289 0 0.0
290 0 0.0
290 0 0.0
290 0 0.0
290 0 0.0
290 0 0.0
290 0 0.0
290 0 0.0
290 0 0.0
291 0 0.0
291 0 0.0
291 0 0.0
291 0 0.0
291 0 0.0
292 0 0.0
292 0 0.0
292 0 0.0
292 0 0.0
292 0 0.0
292 1 77.616714
292 1 77.616714
292 0 0.0
292 0 0.0
292 0 0.0
292 0 0.0
292 0 0.0
292 0 0.0
292 0 0.0
292 0 0.0
292 0 0.0
292 0 0.0
292 0 0.0
292 0 0.0
293 0 0.0
293 0 0.0
293 0 0.0
293 0 0.0
293 0 0.0
293 0 0.0
293 0 0.0
293 0 0.0
293 0 0.0
293 1 77.616714
294 0 0.0
294 0 0.0
294 0 0.0
294 0 0.0
294 0 0.0
294 0 0.0
294 0 0.0
294 0 0.0
295 0 0.0
295 0 0.0
295 0 0.0
295 0 0.0
295 0 0.0
295 0 0.0
295 0 0.0
295 1 77.616714
295 0 0.0
296 0 0.0
296 0 0.0
296 0 0.0
296 0 0.0
296 0 0.0
296 0 0.0
296 0 0.0
296 0 0.0
297 0 0.0
297 0 0.0
297 0 0.0
297 0 0.0
297 1 77.616714
297 0 0.0
297 0 0.0
297 0 0.0
297 1 83.749115
298 0 0.0
298 1 77.616714
298 0 0.0
298 0 0.0
298 0 0.0
298 0 0.0
298 0 0.0
299 0 0.0
299 0 0.0
299 0 0.0
299 0 0.0
299 0 0.0
299 0 0.0
299 0 0.0
300 0 0.0
300 0 0.0
300 0 0.0
300 0 0.0
300 0 0.0
300 1 83.749115
300 0 0.0
300 0 0.0
300 0 0.0
300 0 0.0
300 0 0.0
300 0 0.0
301 0 0.0
301 1 83.749115
301 0 0.0
301 0 0.0
301 0 0.0
301 0 0.0
303 0 0.0
303 0 0.0
303 0 0.0
303 0 0.0
303 0 0.0
304 0 0.0
304 0 0.0
304 0 0.0
304 0 0.0
304 0 0.0
304 0 0.0
305 0 0.0
305 0 0.0
305 0 0.0
305 0 0.0
305 0 0.0
306 0 0.0
306 0 0.0
306 1 77.616714
306 0 0.0
306 0 0.0
306 0 0.0
307 0 0.0
307 0 0.0
307 1 83.749115
307 0 0.0
307 0 0.0
308 0 0.0
308 0 0.0
308 0 0.0
308 0 0.0
308 1 77.616714
309 0 0.0
309 0 0.0
309 0 0.0
309 0 0.0
309 1 77.616714
309 0 0.0
309 0 0.0
309 0 0.0
310 0 0.0
310 0 0.0
310 0 0.0
310 0 0.0
310 0 0.0
310 0 0.0
310 0 0.0
311 0 0.0
311 0 0.0
311 0 0.0
311 0 0.0
311 0 0.0
311 1 77.616714
311 0 0.0
311 0 0.0
312 0 0.0
312 0 0.0
312 0 0.0
312 0 0.0
312 0 0.0
312 0 0.0
312 0 0.0
313 1 77.616714
313 1 77.616714
313 1 77.616714
314 0 0.0
314 1 77.616714
314 1 77.616714
314 0 0.0
314 0 0.0
314 0 0.0
314 0 0.0
314 0 0.0
314 0 0.0
315 0 0.0
315 0 0.0
315 0 0.0
315 0 0.0
315 0 0.0
315 0 0.0
315 0 0.0
316 0 0.0
316 0 0.0
316 0 0.0
316 0 0.0
316 0 0.0
316 0 0.0
316 0 0.0
317 0 0.0
317 0 0.0
317 0 0.0
317 0 0.0
317 0 0.0
318 0 0.0
318 0 0.0
318 0 0.0
318 0 0.0
318 1 77.616714
318 0 0.0
319 0 0.0
319 0 0.0
319 0 0.0
319 1 77.616714
319 0 0.0
319 1 73.73544
319 0 0.0
319 0 0.0
319 0 0.0
320 0 0.0
320 0 0.0
320 0 0.0
320 0 0.0
320 0 0.0
320 0 0.0
320 1 77.616714
321 1 77.616714
321 0 0.0
321 0 0.0
321 0 0.0
321 1 77.616714
321 0 0.0
321 0 0.0
321 1 77.616714
322 0 0.0
322 1 77.616714
322 0 0.0
322 1 77.616714
322 0 0.0
322 0 0.0
322 0 0.0
322 0 0.0
323 0 0.0
323 0 0.0
323 0 0.0
323 0 0.0
323 0 0.0
323 0 0.0
323 1 77.616714
324 0 0.0
324 0 0.0
324 0 0.0
324 0 0.0
324 0 0.0
324 0 0.0
324 0 0.0
324 0 0.0
324 0 0.0
324 0 0.0
325 0 0.0
325 0 0.0
325 0 0.0
325 0 0.0
325 0 0.0
325 0 0.0
325 0 0.0
325 0 0.0
325 0 0.0
326 0 0.0
326 0 0.0
326 0 0.0
326 0 0.0
326 1 77.616714
326 0 0.0
326 0 0.0
326 0 0.0
326 0 0.0
326 0 0.0
327 0 0.0
327 0 0.0
327 0 0.0
327 0 0.0
327 0 0.0
327 0 0.0
327 0 0.0
327 0 0.0
327 1 77.616714
328 0 0.0
328 0 0.0
328 0 0.0
328 0 0.0
328 1 77.616714
328 1 77.616714
328 0 0.0
328 0 0.0
329 0 0.0
329 0 0.0
329 0 0.0
329 0 0.0
329 1 77.616714
329 0 0.0
329 0 0.0
329 0 0.0
329 0 0.0
329 0 0.0
330 0 0.0
330 0 0.0
330 0 0.0
330 0 0.0
330 0 0.0
330 0 0.0
330 0 0.0
330 1 77.616714
330 0 0.0
330 0 0.0
330 0 0.0
331 0 0.0
331 0 0.0
331 0 0.0
331 0 0.0
331 1 77.616714
331 0 0.0
331 0 0.0
331 0 0.0
331 0 0.0
331 0 0.0
332 1 77.616714
332 0 0.0
332 0 0.0
332 0 0.0
332 0 0.0
332 0 0.0
332 0 0.0
332 0 0.0
333 0 0.0
333 0 0.0
333 0 0.0
333 0 0.0
333 0 0.0
333 0 0.0
333 1 77.616714
333 0 0.0
334 0 0.0
334 0 0.0
334 0 0.0
334 1 77.616714
334 0 0.0
334 0 0.0
334 0 0.0
334 1 77.616714
334 0 0.0
335 1 77.616714
335 0 0.0
335 1 77.616714
335 0 0.0
335 0 0.0
335 1 77.616714
335 0 0.0
335 1 77.616714
336 0 0.0
336 0 0.0
336 0 0.0
336 0 0.0
336 0 0.0
336 0 0.0
336 0 0.0
336 0 0.0
336 1 77.616714
336 1 77.616714
337 0 0.0
337 0 0.0
337 0 0.0
337 0 0.0
337 0 0.0
337 0 0.0
337 1 77.616714
337 0 0.0
337 0 0.0
338 0 0.0
338 0 0.0
338 0 0.0
338 0 0.0
338 0 0.0
338 0 0.0
338 0 0.0
338 0 0.0
339 0 0.0
339 0 0.0
339 0 0.0
339 0 0.0
339 0 0.0
339 0 0.0
339 0 0.0
339 0 0.0
340 0 0.0
340 0 0.0
340 1 77.616714
340 0 0.0
340 1 77.616714
340 0 0.0
340 0 0.0
341 1 77.616714
341 0 0.0
341 0 0.0
341 1 83.749115
341 0 0.0
341 0 0.0
341 0 0.0
342 3 77.616714
342 0 0.0
342 1 77.616714
342 0 0.0
342 1 77.616714
342 1 77.616714
342 0 0.0
342 1 77.616714
342 0 0.0
343 1 83.749115
343 0 0.0
343 0 0.0
343 0 0.0
343 1 77.616714
343 0 0.0
343 0 0.0
343 0 0.0
344 1 77.616714
344 0 0.0
344 0 0.0
344 0 0.0
344 1 83.749115
344 0 0.0
344 1 77.616714
344 0 0.0
345 1 83.749115
345 0 0.0
345 0 0.0
345 0 0.0
345 0 0.0
345 0 0.0
346 1 77.616714
346 1 77.616714
346 0 0.0
346 0 0.0
347 0 0.0
347 0 0.0
347 0 0.0
347 1 77.616714
348 0 0.0
348 0 0.0
348 0 0.0
349 1 77.616714
349 1 77.616714
349 0 0.0
349 1 83.749115
349 0 0.0
350 0 0.0
350 0 0.0
350 0 0.0
351 0 0.0
351 0 0.0
352 0 0.0
352 0 0.0
353 0 0.0
353 0 0.0
354 0 0.0
354 0 0.0
355 0 0.0
355 0 0.0
356 0 0.0
356 0 0.0
356 1 77.616714
357 0 0.0
357 1 77.616714
358 0 0.0
359 0 0.0
359 1 77.616714
360 1 77.616714
360 0 0.0
360 1 77.616714
365 0 0.0
365 1 77.616714
366 0 0.0
368 0 0.0
368 1 77.616714
368 1 77.616714
369 1 77.616714
369 1 77.616714
369 1 77.616714
370 0 0.0
370 0 0.0
371 0 0.0
372 1 77.616714
372 0 0.0
373 0 0.0
373 1 77.616714
374 0 0.0
374 1 77.616714
375 0 0.0
375 0 0.0
375 0 0.0
376 0 0.0
376 1 77.616714
376 0 0.0
376 0 0.0
377 0 0.0
377 0 0.0
377 0 0.0
378 1 83.749115
378 0 0.0
378 0 0.0
378 0 0.0
379 0 0.0
379 0 0.0
380 0 0.0
380 0 0.0
380 1 77.616714
381 0 0.0
381 1 83.749115
381 0 0.0
381 -1 77.616714
382 1 77.616714
382 0 0.0
382 0 0.0
384 0 0.0
385 0 0.0
386 0 0.0
386 1 77.616714
387 0 0.0
388 0 0.0
388 1 77.616714
389 0 0.0
390 0 0.0
390 0 0.0
390 1 77.616714
391 0 0.0
391 0 0.0
392 0 0.0
392 0 0.0
393 0 0.0
393 0 0.0
394 0 0.0
394 0 0.0
395 0 0.0
395 0 0.0
395 0 0.0
396 0 0.0
397 1 77.616714
397 0 0.0
398 0 0.0
399 0 0.0
399 0 0.0
399 0 0.0
399 0 0.0
399 0 0.0
399 0 0.0
399 0 0.0
399 0 0.0
403 0 0.0
407 1 77.616714
408 1 77.616714
420 0 0.0
420 0 0.0
420 0 0.0
420 0 0.0
420 0 0.0
420 0 0.0
420 0 0.0
429 1 65.11903
431 -1 77.616714
443 1 60.36664
449 0 0.0
449 0 0.0
449 0 0.0
449 0 0.0
449 0 0.0
449 0 0.0
449 0 0.0
455 0 0.0
464 0 0.0
467 0 0.0
468 0 0.0
469 0 0.0
469 0 0.0
472 0 0.0
472 0 0.0
472 0 0.0
472 0 0.0
472 0 0.0
474 0 0.0
477 0 0.0
477 0 0.0
477 0 0.0
484 0 0.0
485 0 0.0
486 0 0.0
486 0 0.0
486 0 0.0
487 0 0.0
491 0 0.0
494 0 0.0
497 0 0.0
497 0 0.0
498 0 0.0
517 0 0.0
538 0 0.0
539 0 0.0
540 0 0.0
541 0 0.0
542 0 0.0
543 0 0.0
544 0 0.0
546 0 0.0
547 0 0.0
548 0 0.0
576 1 60.36664
608 1 60.36664
625 1 60.36664
689 0 0.0
689 0 0.0
690 0 0.0
690 0 0.0
691 0 0.0
691 0 0.0
692 0 0.0
692 0 0.0
693 0 0.0
693 0 0.0
694 0 0.0
694 0 0.0
695 0 0.0
695 0 0.0
696 0 0.0
696 0 0.0
697 0 0.0
697 0 0.0
698 0 0.0
698 0 0.0
699 0 0.0
699 0 0.0
700 1 77.616714
700 0 0.0
701 0 0.0
702 0 0.0
703 0 0.0
704 0 0.0
705 0 0.0
706 0 0.0
707 0 0.0
708 0 0.0
709 0 0.0
710 0 0.0
711 1 77.616714
711 0 0.0
712 0 0.0
713 0 0.0
714 0 0.0
715 0 0.0
716 0 0.0
717 0 0.0
718 0 0.0
722 0 0.0
758 -1 36.768536
758 1 60.36664
