126 0 0.0
128 2 63.765846
132 0 0.0
176 0 0.0
206 1 63.765846
209 2 63.765846
224 1 63.765846
244 1 63.765846
263 1 63.765846
401 1 63.765846
528 0 0.0
528 0 0.0
528 0 0.0
528 0 0.0
528 0 0.0
528 0 0.0
528 0 0.0
528 0 0.0
528 0 0.0
529 1 63.765846
529 0 0.0
529 0 0.0
529 0 0.0
529 0 0.0
529 0 0.0
530 0 0.0
531 0 0.0
531 1 63.765846
531 1 63.765846
531 0 0.0
532 1 63.765846
532 1 63.765846
532 1 63.765846
533 1 63.765846
533 4 63.765846
533 1 63.765846
533 1 63.765846
534 1 63.765846
535 1 63.765846
535 1 63.765846
535 1 63.765846
536 1 63.765846
537 1 63.765846
537 1 63.765846
538 1 63.765846
538 1 63.765846
538 1 63.765846
538 1 63.765846
538 1 63.765846
538 0 0.0
539 2 63.765846
539 1 63.765846
539 1 63.765846
539 1 63.765846
540 1 63.765846
540 1 63.765846
540 1 63.765846
541 1 63.765846
541 1 63.765846
541 1 63.765846
542 1 63.765846
542 1 63.765846
542 1 63.765846
542 1 63.765846
542 1 63.765846
543 2 63.765846
543 1 63.765846
543 1 63.765846
544 1 63.765846
544 0 0.0
544 2 63.765846
544 2 63.765846
544 1 63.765846
544 2 63.765846
545 11 63.765846
545 1 63.765846
546 2 63.765846
546 1 63.765846
546 2 63.765846
547 1 63.765846
547 1 63.765846
547 4 63.765846
547 2 63.765846
547 1 63.765846
548 2 63.765846
548 2 63.765846
548 1 63.765846
548 1 63.765846
548 1 63.765846
548 2 63.765846
548 1 63.765846
549 1 63.765846
549 1 63.765846
549 1 63.765846
550 2 63.765846
550 1 63.765846
550 1 63.765846
550 1 63.765846
550 1 63.765846
551 3 63.765846
551 1 63.765846
551 2 63.765846
551 1 63.765846
551 1 63.765846
551 1 63.765846
551 2 63.765846
551 0 0.0
552 1 63.765846
552 1 63.765846
552 1 63.765846
552 2 63.765846
552 2 63.765846
552 1 63.765846
552 2 63.765846
552 1 63.765846
553 1 63.765846
553 -1 63.765846
553 3 63.765846
553 1 63.765846
553 1 63.765846
553 -1 63.765846
554 1 63.765846
554 1 63.765846
554 1 63.765846
554 -1 63.765846
554 2 63.765846
554 1 63.765846
555 1 63.765846
555 1 63.765846
555 1 63.765846
555 1 63.765846
556 1 63.765846
557 1 63.765846
557 1 63.765846
558 1 63.765846
558 0 0.0
559 0 0.0
559 1 63.765846
560 1 63.765846
561 1 63.765846
561 1 63.765846
562 0 0.0
562 1 63.765846
562 1 63.765846
562 1 63.765846
562 1 63.765846
563 1 63.765846
564 1 63.765846
564 1 63.765846
565 1 63.765846
566 0 0.0
566 0 0.0
566 1 63.765846
567 1 63.765846
567 1 63.765846
567 1 63.765846
568 1 63.765846
568 1 63.765846
568 1 63.765846
568 1 63.765846
568 2 63.765846
569 1 63.765846
569 1 63.765846
569 2 63.765846
570 1 63.765846
570 1 63.765846
570 1 63.765846
571 1 63.765846
572 1 63.765846
574 2 63.765846
574 1 63.765846
575 1 63.765846
575 1 63.765846
575 1 63.765846
575 0 0.0
576 -1 63.765846
576 1 63.765846
576 1 63.765846
577 0 0.0
577 0 0.0
577 0 0.0
577 0 0.0
577 0 0.0
577 0 0.0
577 1 63.765846
577 1 63.765846
577 0 0.0
578 0 0.0
578 0 0.0
578 1 63.765846
578 1 63.765846
578 0 0.0
578 0 0.0
578 0 0.0
578 0 0.0
578 0 0.0
578 0 0.0
578 0 0.0
579 1 63.765846
579 0 0.0
579 2 63.765846
579 0 0.0
580 2 63.765846
580 1 63.765846
580 1 63.765846
581 1 63.765846
581 1 63.765846
581 2 63.765846
582 1 63.765846
582 2 63.765846
582 1 63.765846
583 1 63.765846
583 1 63.765846
583 1 63.765846
584 1 63.765846
584 1 63.765846
584 2 63.765846
585 1 63.765846
585 1 63.765846
585 1 63.765846
585 1 63.765846
585 0 0.0
586 0 0.0
586 1 63.765846
586 2 63.765846
586 1 63.765846
586 1 63.765846
587 1 63.765846
587 1 63.765846
587 1 63.765846
587 1 63.765846
587 1 63.765846
588 1 63.765846
588 1 63.765846
588 1 63.765846
588 2 63.765846
588 1 63.765846
588 1 63.765846
588 1 63.765846
589 2 63.765846
589 1 63.765846
589 1 63.765846
589 2 63.765846
589 2 63.765846
589 1 63.765846
589 1 63.765846
589 1 63.765846
589 1 63.765846
590 2 63.765846
590 1 63.765846
590 2 63.765846
590 2 63.765846
591 1 63.765846
591 1 63.765846
591 2 63.765846
591 2 63.765846
591 3 63.765846
591 2 63.765846
591 1 63.765846
591 2 63.765846
592 1 63.765846
592 1 63.765846
592 4 63.765846
592 1 63.765846
592 2 63.765846
592 2 63.765846
592 1 63.765846
593 1 63.765846
593 1 63.765846
593 1 63.765846
593 1 63.765846
593 1 63.765846
594 2 63.765846
594 1 63.765846
594 2 63.765846
595 4 63.765846
595 1 63.765846
595 1 63.765846
595 0 0.0
595 1 63.765846
595 3 63.765846
595 1 63.765846
595 1 63.765846
596 1 63.765846
596 1 63.765846
596 2 63.765846
596 1 63.765846
596 1 63.765846
597 1 63.765846
597 2 63.765846
597 3 63.765846
597 1 63.765846
597 1 63.765846
597 1 63.765846
598 1 63.765846
598 0 0.0
598 2 63.765846
598 1 63.765846
598 0 0.0
598 1 63.765846
598 0 0.0
598 0 0.0
599 2 63.765846
599 1 63.765846
599 0 0.0
599 1 63.765846
599 1 63.765846
599 1 63.765846
599 1 63.765846
600 1 63.765846
600 1 63.765846
600 0 0.0
600 1 63.765846
601 1 63.765846
601 -1 63.765846
601 1 63.765846
601 1 63.765846
601 1 63.765846
601 1 63.765846
601 1 63.765846
601 1 63.765846
601 2 63.765846
601 3 63.765846
601 1 63.765846
601 1 63.765846
602 2 63.765846
602 2 63.765846
602 1 63.765846
602 1 63.765846
602 2 63.765846
602 1 63.765846
602 1 63.765846
603 1 63.765846
603 2 63.765846
603 1 63.765846
603 4 63.765846
603 1 63.765846
603 0 0.0
604 1 63.765846
604 4 63.765846
604 2 63.765846
604 2 63.765846
604 1 63.765846
604 1 63.765846
605 1 63.765846
605 2 63.765846
605 1 63.765846
605 1 63.765846
605 1 63.765846
605 2 63.765846
605 1 63.765846
605 1 63.765846
605 1 63.765846
605 1 63.765846
605 1 63.765846
605 5 63.765846
605 1 63.765846
606 1 63.765846
606 1 63.765846
606 1 63.765846
607 1 63.765846
607 1 63.765846
607 1 63.765846
607 3 63.765846
607 1 63.765846
607 2 63.765846
608 3 63.765846
608 1 63.765846
608 1 63.765846
608 1 63.765846
609 1 63.765846
609 1 63.765846
609 1 63.765846
609 2 63.765846
610 1 63.765846
610 2 63.765846
610 1 63.765846
610 1 63.765846
610 1 63.765846
611 0 0.0
611 1 63.765846
611 1 63.765846
611 3 63.765846
612 0 0.0
612 1 63.765846
612 2 63.765846
612 1 63.765846
612 2 63.765846
612 1 63.765846
612 1 63.765846
612 1 63.765846
612 2 63.765846
612 1 63.765846
613 1 63.765846
613 1 63.765846
613 1 63.765846
613 2 63.765846
614 1 63.765846
614 1 63.765846
614 1 63.765846
614 2 63.765846
615 1 63.765846
615 1 63.765846
615 1 63.765846
615 -1 63.765846
615 -1 63.765846
615 1 63.765846
615 2 63.765846
615 1 63.765846
616 1 63.765846
616 1 63.765846
616 1 63.765846
616 1 63.765846
616 1 63.765846
616 1 63.765846
617 1 63.765846
617 1 63.765846
617 2 63.765846
617 1 63.765846
618 1 63.765846
618 2 63.765846
618 1 63.765846
618 1 63.765846
618 1 63.765846
618 2 63.765846
619 2 63.765846
619 1 63.765846
619 2 63.765846
619 1 63.765846
619 1 63.765846
619 1 63.765846
619 2 63.765846
619 1 63.765846
620 0 0.0
620 1 63.765846
620 -1 63.765846
621 3 63.765846
621 3 63.765846
621 2 63.765846
621 1 63.765846
621 2 63.765846
622 1 63.765846
622 1 63.765846
622 2 63.765846
622 1 63.765846
622 1 63.765846
622 2 63.765846
622 3 63.765846
623 1 63.765846
623 1 63.765846
623 1 63.765846
623 1 63.765846
623 1 63.765846
624 4 63.765846
624 1 63.765846
624 1 63.765846
624 1 63.765846
624 1 63.765846
624 1 63.765846
624 2 63.765846
624 1 63.765846
625 1 63.765846
625 1 63.765846
625 2 63.765846
625 2 63.765846
625 1 63.765846
625 1 63.765846
626 3 63.765846
626 2 63.765846
626 1 63.765846
626 1 63.765846
626 2 63.765846
627 1 63.765846
627 1 63.765846
627 2 63.765846
627 1 63.765846
627 1 63.765846
627 2 63.765846
628 1 63.765846
628 1 63.765846
628 1 63.765846
628 1 63.765846
628 1 63.765846
628 1 63.765846
629 1 63.765846
629 1 63.765846
629 2 63.765846
629 1 63.765846
629 2 63.765846
630 1 63.765846
630 1 63.765846
630 1 63.765846
631 1 63.765846
631 9 63.765846
631 1 63.765846
631 1 63.765846
632 1 63.765846
632 1 63.765846
633 0 0.0
633 1 63.765846
633 3 63.765846
633 1 63.765846
633 0 0.0
634 0 0.0
634 -1 63.765846
634 0 0.0
634 2 63.765846
634 1 63.765846
634 1 63.765846
635 1 63.765846
635 4 63.765846
635 0 0.0
635 0 0.0
635 0 0.0
635 0 0.0
636 1 63.765846
636 1 63.765846
636 2 63.765846
636 1 63.765846
636 1 63.765846
636 0 0.0
636 1 63.765846
636 1 63.765846
637 1 63.765846
637 2 63.765846
637 1 63.765846
638 0 0.0
638 -2 63.765846
638 1 63.765846
638 3 63.765846
638 1 63.765846
638 1 63.765846
638 0 0.0
638 0 0.0
639 1 63.765846
639 1 63.765846
639 0 0.0
639 0 0.0
639 0 0.0
639 1 63.765846
639 1 63.765846
639 2 63.765846
639 2 63.765846
640 0 0.0
640 1 63.765846
640 0 0.0
640 0 0.0
640 0 0.0
640 1 63.765846
640 1 63.765846
640 1 63.765846
640 0 0.0
640 1 63.765846
641 3 63.765846
641 1 63.765846
641 2 63.765846
642 2 63.765846
642 1 63.765846
642 1 63.765846
642 2 63.765846
642 1 63.765846
642 1 63.765846
642 0 0.0
642 1 63.765846
642 0 0.0
643 1 63.765846
643 2 63.765846
643 3 63.765846
643 2 63.765846
643 2 63.765846
643 1 63.765846
643 1 63.765846
643 1 63.765846
643 1 63.765846
644 1 63.765846
644 0 0.0
644 1 63.765846
644 2 63.765846
644 1 63.765846
644 2 63.765846
644 1 63.765846
644 1 63.765846
645 1 63.765846
645 0 0.0
645 2 63.765846
645 0 0.0
645 2 63.765846
645 1 63.765846
645 1 63.765846
646 2 63.765846
646 1 63.765846
646 1 63.765846
646 4 63.765846
647 3 63.765846
647 1 63.765846
647 1 63.765846
647 2 63.765846
647 1 63.765846
647 1 63.765846
647 3 63.765846
647 1 63.765846
647 1 63.765846
647 1 63.765846
648 3 63.765846
648 1 63.765846
648 1 63.765846
649 3 63.765846
649 2 63.765846
649 1 63.765846
649 1 63.765846
649 1 63.765846
649 1 63.765846
649 1 63.765846
649 1 63.765846
649 2 63.765846
649 1 63.765846
650 3 63.765846
650 2 63.765846
650 2 63.765846
650 2 63.765846
650 1 63.765846
650 1 63.765846
650 4 63.765846
650 4 63.765846
650 3 63.765846
650 2 63.765846
650 1 63.765846
650 2 63.765846
651 1 63.765846
651 1 63.765846
651 1 63.765846
651 1 63.765846
651 1 63.765846
651 3 63.765846
651 4 63.765846
652 2 63.765846
652 1 63.765846
652 2 63.765846
652 2 63.765846
652 0 0.0
652 2 63.765846
652 1 63.765846
652 1 63.765846
653 2 63.765846
653 1 63.765846
653 1 63.765846
653 2 63.765846
653 2 63.765846
653 1 63.765846
653 -1 63.765846
653 1 63.765846
653 1 63.765846
653 3 63.765846
653 1 63.765846
654 1 63.765846
654 1 63.765846
654 1 63.765846
654 4 63.765846
654 1 63.765846
655 2 63.765846
655 2 63.765846
655 1 63.765846
655 1 63.765846
655 1 63.765846
655 1 63.765846
655 1 63.765846
656 1 63.765846
656 1 63.765846
656 1 63.765846
656 2 63.765846
656 1 63.765846
656 1 63.765846
656 2 63.765846
657 2 63.765846
657 2 63.765846
657 2 63.765846
657 1 63.765846
657 1 63.765846
657 1 63.765846
657 2 63.765846
657 4 63.765846
657 3 63.765846
657 1 63.765846
657 2 63.765846
657 2 63.765846
657 1 63.765846
658 1 63.765846
658 1 63.765846
658 1 63.765846
658 1 63.765846
658 1 63.765846
658 1 63.765846
658 1 63.765846
659 -1 63.765846
659 1 63.765846
659 2 63.765846
659 1 63.765846
659 1 63.765846
660 1 63.765846
660 2 63.765846
660 1 63.765846
660 2 63.765846
660 1 63.765846
660 -1 63.765846
660 2 63.765846
660 1 63.765846
661 1 63.765846
661 1 63.765846
661 2 63.765846
661 1 63.765846
661 2 63.765846
661 1 63.765846
661 -1 63.765846
662 1 63.765846
662 1 63.765846
662 1 63.765846
662 1 63.765846
662 3 63.765846
662 2 63.765846
663 1 63.765846
663 2 63.765846
663 -1 63.765846
663 1 63.765846
663 1 63.765846
663 1 63.765846
664 1 63.765846
664 3 63.765846
664 3 63.765846
664 1 63.765846
664 1 63.765846
664 0 0.0
664 2 63.765846
664 1 63.765846
664 1 63.765846
665 2 63.765846
665 1 63.765846
665 1 63.765846
665 1 63.765846
665 1 63.765846
665 1 63.765846
665 2 63.765846
665 1 63.765846
665 1 63.765846
665 0 0.0
665 1 63.765846
666 2 63.765846
666 1 63.765846
666 1 63.765846
666 1 63.765846
667 1 63.765846
667 1 63.765846
668 1 63.765846
668 1 63.765846
668 1 63.765846
668 1 63.765846
668 1 63.765846
669 2 63.765846
669 1 63.765846
669 1 63.765846
669 2 63.765846
669 1 63.765846
669 1 63.765846
670 1 63.765846
670 1 63.765846
670 1 63.765846
670 2 63.765846
670 2 63.765846
670 2 63.765846
670 1 63.765846
670 3 63.765846
671 2 63.765846
671 1 63.765846
671 1 63.765846
671 1 63.765846
672 1 63.765846
672 0 0.0
672 1 63.765846
672 0 0.0
672 1 63.765846
672 1 63.765846
673 2 63.765846
673 0 0.0
673 1 63.765846
673 1 63.765846
673 1 63.765846
673 1 63.765846
674 1 63.765846
674 0 0.0
675 4 63.765846
675 1 63.765846
675 1 63.765846
675 1 63.765846
675 0 0.0
675 1 63.765846
675 1 63.765846
675 1 63.765846
676 1 63.765846
676 2 63.765846
676 2 63.765846
676 2 63.765846
676 1 63.765846
676 1 63.765846
676 1 63.765846
676 1 63.765846
676 1 63.765846
677 1 63.765846
677 1 63.765846
677 1 63.765846
677 2 63.765846
677 8 63.765846
678 -1 63.765846
678 1 63.765846
678 0 0.0
678 2 63.765846
678 0 0.0
678 -1 63.765846
678 1 63.765846
678 1 63.765846
679 1 63.765846
679 2 63.765846
679 6 63.765846
679 1 63.765846
679 0 0.0
679 1 63.765846
679 1 63.765846
680 0 0.0
680 1 63.765846
680 0 0.0
680 0 0.0
681 1 63.765846
681 0 0.0
681 1 63.765846
681 0 0.0
681 1 63.765846
681 1 63.765846
681 1 63.765846
681 2 63.765846
682 1 63.765846
682 3 63.765846
682 2 63.765846
682 1 63.765846
682 0 0.0
683 1 63.765846
683 2 63.765846
683 1 63.765846
683 1 63.765846
683 1 63.765846
683 1 63.765846
683 2 63.765846
683 1 63.765846
683 1 63.765846
683 1 63.765846
683 -1 63.765846
683 1 63.765846
684 1 63.765846
684 2 63.765846
684 4 63.765846
684 1 63.765846
684 1 63.765846
684 1 63.765846
685 1 63.765846
685 1 63.765846
685 1 63.765846
685 1 63.765846
685 1 63.765846
685 2 63.765846
686 0 0.0
686 1 63.765846
686 1 63.765846
686 0 0.0
687 1 63.765846
687 3 63.765846
687 3 63.765846
687 1 63.765846
687 1 63.765846
688 1 63.765846
688 2 63.765846
688 1 63.765846
688 1 63.765846
688 1 63.765846
688 -1 63.765846
689 1 63.765846
689 1 63.765846
689 1 63.765846
689 1 63.765846
690 1 63.765846
690 2 63.765846
690 1 63.765846
690 1 63.765846
690 0 0.0
690 1 63.765846
690 1 63.765846
691 1 63.765846
691 2 63.765846
691 1 63.765846
691 1 63.765846
691 2 63.765846
691 5 63.765846
691 2 63.765846
691 1 63.765846
691 2 63.765846
692 1 63.765846
692 1 63.765846
692 3 63.765846
692 1 63.765846
692 1 63.765846
692 1 63.765846
692 1 63.765846
692 1 63.765846
693 1 63.765846
693 2 63.765846
693 0 0.0
693 1 63.765846
693 1 63.765846
693 1 63.765846
693 2 63.765846
693 1 63.765846
693 1 63.765846
693 1 63.765846
693 1 63.765846
694 1 63.765846
694 2 63.765846
694 1 63.765846
694 0 0.0
695 1 63.765846
695 1 63.765846
695 1 63.765846
695 1 63.765846
695 1 63.765846
695 2 63.765846
695 1 63.765846
695 2 63.765846
695 1 63.765846
695 1 63.765846
696 1 63.765846
696 2 63.765846
696 2 63.765846
696 2 63.765846
696 1 63.765846
696 1 63.765846
697 1 63.765846
697 1 63.765846
697 2 63.765846
697 1 63.765846
697 1 63.765846
697 3 63.765846
697 1 63.765846
697 1 63.765846
697 1 63.765846
698 2 63.765846
698 2 63.765846
698 1 63.765846
698 1 63.765846
698 1 63.765846
698 3 63.765846
698 4 63.765846
698 1 63.765846
698 2 63.765846
698 1 63.765846
699 1 63.765846
699 1 63.765846
699 0 0.0
699 1 63.765846
699 2 63.765846
699 1 63.765846
699 1 63.765846
700 1 63.765846
700 1 63.765846
700 1 63.765846
700 1 63.765846
700 3 63.765846
700 2 63.765846
700 1 63.765846
701 1 63.765846
701 2 63.765846
701 2 63.765846
701 1 63.765846
701 1 63.765846
701 2 63.765846
701 1 63.765846
701 1 63.765846
701 2 63.765846
702 1 63.765846
702 1 63.765846
702 1 63.765846
702 0 0.0
702 1 63.765846
702 1 63.765846
702 1 63.765846
702 1 63.765846
702 1 63.765846
703 0 0.0
703 2 63.765846
703 1 63.765846
703 1 63.765846
703 2 63.765846
703 0 0.0
703 2 63.765846
704 1 63.765846
704 1 63.765846
704 2 63.765846
704 1 63.765846
704 1 63.765846
704 1 63.765846
704 1 63.765846
704 1 63.765846
704 -1 63.765846
705 1 63.765846
705 2 63.765846
705 1 63.765846
705 1 63.765846
705 1 63.765846
705 1 63.765846
705 1 63.765846
705 3 63.765846
705 1 63.765846
706 1 63.765846
706 1 63.765846
706 1 63.765846
706 2 63.765846
706 1 63.765846
706 0 0.0
707 2 63.765846
707 2 63.765846
707 1 63.765846
707 2 63.765846
707 0 0.0
708 2 63.765846
708 0 0.0
708 -2 63.765846
708 0 0.0
708 1 63.765846
708 0 0.0
708 2 63.765846
708 1 63.765846
709 2 63.765846
709 0 0.0
709 0 0.0
709 1 63.765846
709 -1 63.765846
709 2 63.765846
709 1 63.765846
710 2 63.765846
710 1 63.765846
710 0 0.0
710 1 63.765846
710 1 63.765846
711 1 63.765846
711 1 63.765846
711 1 63.765846
711 1 63.765846
711 1 63.765846
711 1 63.765846
711 5 63.765846
711 1 63.765846
711 1 63.765846
711 1 63.765846
712 1 63.765846
712 3 63.765846
712 1 63.765846
712 3 63.765846
712 1 63.765846
712 1 63.765846
713 2 63.765846
713 1 63.765846
713 1 63.765846
713 1 63.765846
713 2 63.765846
713 1 63.765846
714 1 63.765846
714 1 63.765846
714 0 0.0
714 1 63.765846
715 1 63.765846
715 1 63.765846
715 1 63.765846
715 2 63.765846
715 0 0.0
715 2 63.765846
715 2 63.765846
715 2 63.765846
715 1 63.765846
715 1 63.765846
716 1 63.765846
716 2 63.765846
716 1 63.765846
716 1 63.765846
717 1 63.765846
717 1 63.765846
717 10 63.765846
717 2 63.765846
717 1 63.765846
717 0 0.0
717 1 63.765846
718 1 63.765846
718 2 63.765846
718 1 63.765846
718 1 63.765846
718 1 63.765846
718 1 63.765846
718 1 63.765846
718 1 63.765846
718 0 0.0
718 1 63.765846
718 1 63.765846
718 1 63.765846
719 4 63.765846
719 3 63.765846
719 1 63.765846
719 1 63.765846
719 2 63.765846
719 1 63.765846
719 1 63.765846
720 6 63.765846
720 1 63.765846
720 1 63.765846
720 2 63.765846
720 2 63.765846
720 1 63.765846
721 2 63.765846
721 1 63.765846
721 2 63.765846
721 2 63.765846
721 1 63.765846
721 2 63.765846
721 2 63.765846
722 1 63.765846
722 1 63.765846
722 1 63.765846
722 2 63.765846
722 1 63.765846
723 1 63.765846
723 1 63.765846
723 1 63.765846
723 2 63.765846
723 1 63.765846
723 1 63.765846
723 1 63.765846
724 1 63.765846
724 3 63.765846
724 1 63.765846
724 4 63.765846
724 4 63.765846
724 1 63.765846
724 1 63.765846
725 2 63.765846
725 1 63.765846
725 1 63.765846
725 2 63.765846
725 1 63.765846
725 1 63.765846
725 1 63.765846
730 1 63.765846
730 3 63.765846
730 4 63.765846
730 1 63.765846
730 1 63.765846
730 1 63.765846
730 1 63.765846
731 1 63.765846
731 1 63.765846
731 1 63.765846
731 1 63.765846
731 1 63.765846
731 1 63.765846
731 2 63.765846
731 0 0.0
731 1 63.765846
731 2 63.765846
732 1 63.765846
732 1 63.765846
732 1 63.765846
732 2 63.765846
732 1 63.765846
733 1 63.765846
733 1 63.765846
733 -1 63.765846
733 1 63.765846
733 1 63.765846
733 1 63.765846
733 1 63.765846
733 1 63.765846
734 1 63.765846
734 2 63.765846
734 1 63.765846
734 1 63.765846
734 1 63.765846
734 2 63.765846
734 1 63.765846
735 1 63.765846
735 1 63.765846
735 1 63.765846
736 1 63.765846
736 1 63.765846
736 1 63.765846
736 1 63.765846
736 2 63.765846
736 2 63.765846
737 1 63.765846
737 2 63.765846
737 1 63.765846
737 2 63.765846
737 1 63.765846
737 3 63.765846
737 1 63.765846
737 1 63.765846
737 2 63.765846
737 30 63.765846
737 1 63.765846
738 1 63.765846
738 1 63.765846
738 1 63.765846
738 3 63.765846
738 1 63.765846
738 1 63.765846
738 2 63.765846
739 2 63.765846
739 0 0.0
739 1 63.765846
739 1 63.765846
739 0 0.0
739 1 63.765846
740 1 63.765846
740 2 63.765846
740 1 63.765846
740 2 63.765846
741 1 63.765846
741 2 63.765846
741 2 63.765846
741 0 0.0
741 1 63.765846
741 1 63.765846
741 1 63.765846
742 1 63.765846
742 1 63.765846
742 1 63.765846
742 1 63.765846
742 0 0.0
742 -1 63.765846
742 1 63.765846
743 1 63.765846
743 -1 63.765846
743 1 63.765846
743 1 63.765846
743 1 63.765846
743 2 63.765846
743 1 63.765846
743 1 63.765846
744 3 63.765846
744 4 63.765846
744 1 63.765846
744 3 63.765846
744 2 63.765846
744 2 63.765846
744 3 63.765846
744 1 63.765846
744 1 63.765846
745 1 63.765846
745 1 63.765846
745 1 63.765846
745 1 63.765846
746 0 0.0
746 0 0.0
746 3 63.765846
746 1 63.765846
746 1 63.765846
747 1 63.765846
747 2 63.765846
747 1 63.765846
747 1 63.765846
748 1 63.765846
748 1 63.765846
748 1 63.765846
748 0 0.0
748 1 63.765846
749 1 63.765846
749 1 63.765846
749 1 63.765846
749 2 63.765846
749 2 63.765846
749 2 63.765846
749 0 0.0
749 1 63.765846
749 0 0.0
750 1 63.765846
750 1 63.765846
750 1 63.765846
750 1 63.765846
750 1 63.765846
750 1 63.765846
750 2 63.765846
750 2 63.765846
751 2 63.765846
751 1 63.765846
751 1 63.765846
751 1 63.765846
751 3 63.765846
751 2 63.765846
752 2 63.765846
752 1 63.765846
752 0 0.0
752 1 63.765846
752 1 63.765846
753 2 63.765846
753 1 63.765846
753 -1 63.765846
753 1 63.765846
753 1 63.765846
753 1 63.765846
753 2 63.765846
753 1 63.765846
753 1 63.765846
754 -1 63.765846
754 2 63.765846
754 2 63.765846
754 1 63.765846
754 1 63.765846
754 1 63.765846
754 1 63.765846
754 2 63.765846
754 1 63.765846
755 2 63.765846
755 1 63.765846
755 2 63.765846
755 1 63.765846
755 1 63.765846
755 2 63.765846
756 1 63.765846
756 1 63.765846
756 2 63.765846
756 0 0.0
756 1 63.765846
757 0 0.0
757 1 63.765846
757 1 63.765846
757 1 63.765846
757 4 63.765846
757 2 63.765846
757 3 63.765846
757 1 63.765846
758 3 63.765846
758 1 63.765846
758 1 63.765846
758 -1 63.765846
758 1 63.765846
758 -1 63.765846
758 1 63.765846
759 2 63.765846
759 1 63.765846
759 1 63.765846
759 1 63.765846
759 2 63.765846
759 1 63.765846
760 2 63.765846
760 0 0.0
760 -1 63.765846
760 1 63.765846
760 2 63.765846
760 0 0.0
760 1 63.765846
