246 0 0.0
246 0 0.0
248 0 0.0
248 0 0.0
249 0 0.0
249 0 0.0
250 0 0.0
250 2 11.322773
250 1 11.322773
250 0 0.0
251 1 11.322773
251 2 11.322773
251 1 11.322773
252 1 11.322773
252 1 11.322773
253 1 11.322773
253 1 11.322773
253 0 0.0
254 0 0.0
254 1 11.322773
254 1 11.322773
254 0 0.0
254 0 0.0
254 0 0.0
256 1 11.322773
256 1 11.322773
256 2 11.322773
256 1 11.322773
257 1 11.322773
257 1 11.322773
258 1 11.322773
258 1 11.322773
258 1 11.322773
258 1 11.322773
259 1 11.322773
262 1 11.322773
264 1 11.322773
264 1 11.322773
264 1 11.322773
265 1 11.322773
265 1 11.322773
265 2 11.322773
266 1 11.322773
266 1 11.322773
266 1 11.322773
267 1 11.322773
267 2 11.322773
267 2 11.322773
268 0 0.0
268 0 0.0
268 1 11.322773
269 0 0.0
269 2 11.322773
269 3 11.322773
269 1 11.322773
270 1 11.322773
270 0 0.0
270 1 11.322773
271 2 11.322773
271 1 11.322773
272 1 11.322773
272 2 11.322773
272 1 11.322773
272 1 11.322773
273 2 11.322773
273 1 11.322773
273 2 11.322773
273 1 11.322773
274 1 11.322773
275 1 11.322773
275 2 11.322773
276 2 11.322773
276 1 11.322773
277 1 11.322773
277 1 11.322773
277 1 11.322773
277 1 11.322773
278 1 11.322773
278 1 11.322773
278 2 11.322773
278 1 11.322773
279 4 11.322773
279 1 11.322773
279 2 11.322773
279 1 11.322773
280 1 11.322773
280 5 11.322773
280 1 11.322773
281 1 11.322773
281 8 11.322773
282 2 11.322773
282 2 11.322773
282 3 11.322773
283 2 11.322773
283 0 0.0
283 1 11.322773
283 1 11.322773
284 1 11.322773
284 0 0.0
285 0 0.0
285 1 11.322773
285 2 11.322773
285 1 11.322773
286 1 11.322773
286 1 11.322773
286 3 11.322773
286 1 11.322773
286 1 11.322773
287 1 11.322773
287 1 11.322773
288 1 11.322773
288 2 11.322773
288 0 0.0
289 1 11.322773
289 1 11.322773
289 2 11.322773
289 1 11.322773
291 1 11.322773
292 1 11.322773
292 1 11.322773
293 1 11.322773
293 1 11.322773
293 1 11.322773
293 1 11.322773
293 1 11.322773
293 1 11.322773
294 1 11.322773
294 3 11.322773
294 1 11.322773
294 1 11.322773
295 0 0.0
295 0 0.0
295 2 11.322773
295 1 11.322773
296 1 11.322773
296 2 11.322773
296 1 11.322773
296 1 11.322773
296 0 0.0
297 1 11.322773
297 2 11.322773
297 3 11.322773
297 2 11.322773
298 2 11.322773
298 3 11.322773
298 1 11.322773
298 2 11.322773
298 1 11.322773
298 1 11.322773
299 2 11.322773
299 1 11.322773
299 1 11.322773
299 2 11.322773
300 1 11.322773
300 1 11.322773
300 1 11.322773
300 2 11.322773
300 2 11.322773
300 1 11.322773
300 1 11.322773
300 1 11.322773
300 2 11.322773
301 1 11.322773
301 1 11.322773
301 1 11.322773
301 1 11.322773
302 1 11.322773
302 2 11.322773
302 2 11.322773
303 1 11.322773
303 1 11.322773
304 1 11.322773
304 1 11.322773
305 1 11.322773
305 2 11.322773
305 1 11.322773
306 1 11.322773
306 2 11.322773
306 1 11.322773
306 2 11.322773
307 2 11.322773
307 2 11.322773
307 2 11.322773
308 1 11.322773
308 0 0.0
309 1 11.322773
309 1 11.322773
309 1 11.322773
309 0 0.0
310 2 11.322773
311 1 11.322773
311 1 11.322773
312 1 11.322773
313 1 11.322773
313 1 11.322773
313 1 11.322773
313 2 11.322773
313 1 11.322773
314 1 11.322773
314 1 11.322773
314 1 11.322773
315 1 11.322773
315 1 11.322773
316 1 11.322773
317 1 11.322773
317 1 11.322773
317 1 11.322773
317 1 11.322773
318 2 11.322773
319 1 11.322773
319 2 11.322773
320 2 11.322773
320 1 11.322773
320 2 11.322773
320 2 11.322773
320 2 11.322773
320 1 11.322773
320 1 11.322773
321 1 11.322773
321 2 11.322773
321 1 11.322773
321 1 11.322773
321 1 11.322773
321 1 11.322773
322 2 11.322773
322 1 11.322773
322 1 11.322773
323 3 11.322773
323 1 11.322773
323 1 11.322773
323 2 11.322773
323 1 11.322773
323 2 11.322773
324 0 0.0
325 1 11.322773
325 1 11.322773
325 1 11.322773
326 2 11.322773
326 1 11.322773
326 3 11.322773
326 1 11.322773
327 2 11.322773
327 5 11.322773
327 1 11.322773
327 2 11.322773
327 1 11.322773
327 1 11.322773
327 1 11.322773
328 2 11.322773
328 1 11.322773
328 3 11.322773
328 1 11.322773
329 1 11.322773
329 1 11.322773
329 1 11.322773
330 1 11.322773
330 1 11.322773
330 1 11.322773
330 2 11.322773
331 1 11.322773
332 1 11.322773
332 2 11.322773
332 1 11.322773
333 1 11.322773
333 1 11.322773
334 3 11.322773
334 2 11.322773
334 2 11.322773
334 2 11.322773
334 1 11.322773
334 1 11.322773
335 2 11.322773
335 1 11.322773
335 1 11.322773
335 2 11.322773
335 2 11.322773
335 2 11.322773
335 1 11.322773
336 1 11.322773
336 2 11.322773
336 2 11.322773
336 1 11.322773
337 3 11.322773
337 1 11.322773
338 3 11.322773
338 2 11.322773
339 1 11.322773
339 2 11.322773
339 1 11.322773
339 1 11.322773
340 2 11.322773
340 1 11.322773
340 2 11.322773
341 2 11.322773
341 3 11.322773
341 1 11.322773
341 1 11.322773
341 1 11.322773
341 1 11.322773
342 1 11.322773
342 1 11.322773
342 2 11.322773
342 1 11.322773
342 2 11.322773
343 1 11.322773
343 1 11.322773
344 1 11.322773
344 1 11.322773
347 1 11.322773
347 2 11.322773
347 1 11.322773
347 2 11.322773
348 2 11.322773
348 3 11.322773
348 2 11.322773
348 4 11.322773
348 1 11.322773
348 2 11.322773
348 1 11.322773
349 1 11.322773
349 1 11.322773
349 1 11.322773
349 1 11.322773
349 1 11.322773
350 2 11.322773
350 1 11.322773
350 2 11.322773
350 1 11.322773
350 1 11.322773
351 1 11.322773
351 2 11.322773
351 0 0.0
352 1 9.6207905
352 2 11.322773
352 1 11.322773
352 2 11.322773
353 1 11.322773
353 1 11.322773
353 1 11.322773
354 2 11.322773
354 1 11.322773
354 3 11.322773
354 1 11.322773
355 2 11.322773
355 1 11.322773
355 1 11.322773
355 1 11.322773
355 1 11.322773
355 1 11.322773
355 2 11.322773
355 3 11.322773
356 1 11.322773
356 3 11.322773
356 1 11.322773
356 1 11.322773
357 1 11.322773
357 1 11.322773
357 1 11.322773
357 1 11.322773
357 1 11.322773
358 1 11.322773
358 3 11.322773
358 1 11.322773
358 4 11.322773
359 4 11.322773
359 1 11.322773
359 1 11.322773
359 1 11.322773
360 1 11.322773
360 1 11.322773
365 1 11.322773
365 0 0.0
365 0 0.0
365 0 0.0
365 0 0.0
365 2 11.322773
365 0 0.0
365 0 0.0
365 0 0.0
365 1 11.322773
365 0 0.0
365 0 0.0
365 0 0.0
366 1 11.322773
366 1 11.322773
366 1 11.322773
366 1 11.322773
366 1 11.322773
367 1 11.322773
367 2 11.322773
368 1 11.322773
368 1 11.322773
369 2 11.322773
370 1 11.322773
370 1 11.322773
371 1 11.322773
371 1 11.322773
372 2 11.322773
372 1 11.322773
372 1 11.322773
372 1 11.322773
372 2 11.322773
373 2 11.322773
373 3 11.322773
373 2 11.322773
373 1 11.322773
374 2 11.322773
374 1 11.322773
374 1 11.322773
375 1 11.322773
375 1 11.322773
375 1 11.322773
376 1 11.322773
376 1 11.322773
376 1 11.322773
377 1 11.322773
377 1 11.322773
377 1 11.322773
378 1 11.322773
378 2 11.322773
378 1 11.322773
379 1 11.322773
379 2 11.322773
380 1 11.322773
380 1 9.6207905
380 1 11.322773
380 3 11.322773
380 2 11.322773
380 1 11.322773
380 1 11.322773
381 1 11.322773
381 1 11.322773
381 1 11.322773
381 1 11.322773
381 1 11.322773
381 1 11.322773
381 2 11.322773
382 1 11.322773
382 1 11.322773
382 1 11.322773
383 1 11.322773
383 0 0.0
383 1 11.322773
383 2 11.322773
384 3 10.7520485
384 0 0.0
384 1 11.322773
384 0 0.0
384 1 11.322773
384 1 11.322773
384 1 11.322773
385 1 11.322773
385 1 9.6207905
386 1 11.322773
386 1 11.322773
386 5 11.322773
386 1 11.322773
386 1 11.322773
386 2 11.322773
386 1 11.322773
387 1 11.322773
387 1 11.322773
387 2 11.322773
387 1 11.322773
387 2 11.322773
387 1 11.322773
388 1 11.322773
388 2 11.322773
388 2 11.322773
389 2 11.322773
389 2 11.322773
390 2 11.322773
390 1 11.322773
390 2 11.322773
391 3 11.322773
391 1 11.322773
391 1 11.322773
391 1 11.322773
391 1 11.322773
391 1 11.322773
392 2 11.322773
392 1 11.322773
392 1 11.322773
392 1 11.322773
392 4 11.322773
392 1 11.322773
392 1 11.322773
392 1 11.322773
393 2 11.322773
393 2 11.322773
394 2 11.322773
394 2 11.322773
394 1 11.322773
394 1 11.322773
394 1 11.322773
394 1 11.322773
395 1 11.322773
395 1 11.322773
395 1 11.322773
395 4 11.322773
395 3 11.322773
395 1 11.322773
395 1 11.322773
395 1 11.322773
395 1 11.322773
395 1 11.322773
395 2 11.322773
396 1 11.322773
396 1 11.322773
396 2 11.322773
396 4 11.322773
396 1 11.322773
396 2 11.322773
396 1 11.322773
396 1 11.322773
397 1 11.322773
397 0 0.0
397 1 11.322773
397 3 11.322773
397 1 11.322773
397 1 11.322773
398 1 11.322773
398 5 11.322773
398 0 0.0
398 3 11.322773
398 0 0.0
399 0 0.0
399 1 11.322773
399 2 11.322773
400 1 11.322773
400 1 11.322773
400 1 11.322773
400 3 11.322773
400 1 11.322773
400 4 11.322773
400 2 11.322773
400 1 11.322773
401 1 11.322773
401 1 11.322773
401 2 11.322773
401 2 11.322773
401 1 11.322773
401 1 11.322773
402 1 11.322773
402 2 11.322773
402 1 11.322773
402 1 11.322773
403 2 11.322773
403 1 11.322773
403 1 11.322773
403 1 11.322773
404 1 11.322773
404 1 11.322773
404 1 11.322773
404 2 11.322773
404 1 11.322773
404 1 11.322773
405 1 11.322773
405 2 11.322773
405 1 11.322773
406 1 11.322773
406 1 11.322773
406 1 11.322773
406 1 11.322773
406 1 11.322773
407 1 11.322773
407 1 11.322773
407 1 11.322773
407 1 11.322773
407 1 11.322773
408 1 11.322773
408 2 11.322773
408 2 11.322773
408 3 11.322773
408 1 11.322773
408 2 11.322773
408 1 11.322773
409 1 11.322773
409 0 0.0
409 2 11.322773
409 0 0.0
409 1 11.322773
410 1 11.322773
410 1 11.322773
410 0 0.0
410 0 0.0
411 1 11.322773
411 1 11.322773
411 2 11.322773
411 2 11.322773
411 2 11.322773
412 1 11.322773
412 1 11.322773
412 1 11.322773
412 2 11.322773
412 4 11.322773
413 1 11.332965
413 1 11.322773
414 1 11.322773
414 1 11.322773
414 1 11.322773
414 2 11.322773
414 1 11.322773
414 1 11.322773
414 1 11.322773
415 1 11.322773
415 1 11.322773
415 1 11.322773
415 4 11.322773
415 1 11.322773
415 1 11.322773
415 2 11.322773
416 1 11.322773
416 2 11.322773
416 2 11.322773
416 1 11.322773
416 2 11.322773
416 1 11.322773
417 1 11.322773
417 1 11.322773
417 1 11.322773
418 1 11.322773
418 1 11.322773
418 1 11.322773
418 1 11.322773
418 1 11.322773
419 2 11.322773
419 2 11.322773
419 1 11.322773
419 1 11.322773
420 1 11.322773
420 1 11.322773
420 1 11.322773
420 1 11.322773
420 1 11.322773
421 1 11.322773
421 1 11.322773
421 1 11.322773
421 1 11.322773
421 1 11.322773
421 1 11.322773
421 1 11.322773
422 1 11.322773
422 1 11.322773
422 3 11.322773
422 1 11.322773
422 1 11.322773
422 2 11.322773
423 1 11.322773
423 1 11.322773
423 0 0.0
423 0 0.0
425 3 11.322773
425 0 0.0
425 1 11.322773
425 1 11.322773
426 1 11.322773
426 1 11.322773
426 3 11.322773
426 0 0.0
426 1 11.322773
426 2 11.322773
426 1 11.322773
426 1 11.322773
426 0 0.0
427 1 11.322773
427 1 11.322773
427 1 11.322773
427 1 11.322773
427 2 11.322773
427 1 11.322773
427 0 0.0
427 0 0.0
428 1 11.322773
428 1 11.322773
428 3 11.322773
429 3 11.322773
429 1 11.322773
429 1 11.322773
429 5 11.322773
429 2 11.322773
429 1 11.322773
430 1 11.322773
430 2 11.322773
430 1 11.322773
430 2 11.322773
430 2 11.322773
430 1 11.322773
430 1 11.322773
431 2 11.322773
431 1 11.322773
431 1 11.322773
431 1 11.322773
431 2 11.322773
431 1 11.322773
431 1 11.322773
431 1 11.322773
431 1 11.322773
432 1 11.322773
432 4 11.322773
432 1 11.322773
432 1 11.322773
433 1 11.322773
433 2 11.322773
433 1 11.322773
433 1 11.322773
433 2 11.322773
433 1 11.322773
434 1 11.322773
434 1 11.322773
434 1 11.322773
434 2 11.322773
435 2 11.322773
435 1 11.322773
435 2 11.322773
435 1 11.322773
435 1 11.322773
435 1 11.322773
436 1 11.322773
436 1 11.322773
436 2 11.322773
436 1 11.322773
436 1 11.322773
436 1 11.322773
436 1 11.322773
436 1 11.322773
436 1 11.322773
437 1 11.322773
437 1 11.322773
437 1 11.322773
437 1 11.322773
437 3 11.322773
437 3 11.322773
437 1 11.322773
437 1 11.322773
438 2 11.322773
438 1 11.322773
438 1 11.322773
438 1 11.322773
438 2 11.322773
439 1 11.322773
439 0 0.0
439 2 11.322773
439 0 0.0
439 2 11.322773
439 1 11.322773
440 1 11.322773
440 1 11.322773
441 1 11.322773
441 0 0.0
441 1 11.322773
441 4 11.322773
441 1 11.322773
441 0 0.0
442 1 11.322773
442 1 11.322773
442 1 11.322773
442 2 11.322773
442 1 11.322773
443 1 11.322773
443 5 11.322773
443 1 11.322773
443 1 11.322773
443 1 11.322773
444 4 11.322773
444 3 11.322773
444 1 11.322773
444 1 11.322773
445 1 11.322773
445 1 11.322773
445 1 11.322773
445 1 11.322773
445 1 11.322773
445 1 11.322773
446 1 11.322773
447 1 11.322773
447 1 11.322773
447 1 11.322773
448 1 11.322773
448 1 11.322773
448 3 11.322773
448 1 11.322773
449 2 11.322773
449 1 11.322773
450 2 11.322773
450 2 11.322773
450 3 11.322773
450 1 11.322773
450 1 11.322773
450 2 11.322773
450 1 11.322773
450 1 11.322773
451 1 11.322773
451 1 11.322773
451 1 11.322773
451 1 11.322773
451 2 11.322773
451 1 11.322773
451 1 11.322773
451 1 11.322773
452 1 11.322773
452 2 11.322773
452 1 11.322773
452 1 11.322773
452 1 11.322773
452 1 11.322773
453 1 11.322773
453 2 11.322773
453 1 11.322773
453 1 11.322773
453 1 11.322773
454 1 11.322773
454 1 11.322773
454 1 11.322773
454 1 11.322773
455 1 11.322773
455 1 11.322773
455 1 11.322773
455 1 11.322773
455 1 11.322773
455 1 11.322773
455 1 11.322773
456 1 11.322773
456 1 11.322773
456 2 11.322773
456 2 11.322773
456 1 11.322773
456 1 11.322773
456 1 11.322773
456 1 11.322773
457 1 11.322773
457 1 11.322773
457 2 11.322773
457 4 11.322773
457 1 11.322773
457 1 11.322773
458 1 11.322773
458 1 11.322773
458 1 11.322773
459 1 11.322773
459 1 11.322773
459 1 11.322773
459 1 11.322773
459 1 11.322773
459 1 11.322773
460 1 11.332965
460 1 11.322773
461 1 11.322773
461 1 11.322773
461 3 11.322773
461 1 11.322773
461 1 11.322773
462 1 11.322773
462 1 11.322773
462 1 11.322773
462 1 11.322773
463 1 11.322773
463 6 11.322773
463 1 10.16094
463 1 11.322773
463 1 11.322773
463 1 11.322773
464 1 11.322773
464 1 11.322773
464 1 11.322773
464 2 11.322773
464 3 11.322773
464 1 11.322773
464 1 11.322773
464 1 11.322773
464 1 11.322773
464 1 11.322773
465 3 11.322773
465 1 11.322773
465 1 11.322773
465 1 11.322773
466 1 11.322773
466 1 11.322773
466 1 11.322773
466 1 11.322773
466 2 11.322773
467 1 11.322773
467 1 11.322773
468 1 11.322773
468 1 11.322773
468 1 11.322773
468 1 11.322773
468 1 11.322773
469 1 11.322773
469 2 11.322773
469 1 11.322773
469 1 11.322773
470 1 11.322773
470 2 11.322773
470 1 11.322773
470 2 11.322773
470 1 11.322773
470 1 11.322773
470 1 11.322773
470 1 11.322773
471 1 11.322773
471 2 11.322773
471 1 11.322773
471 1 11.322773
471 1 11.322773
472 1 11.322773
472 1 11.322773
472 1 11.322773
473 1 11.322773
473 1 11.322773
473 1 11.322773
473 1 11.322773
473 1 11.322773
474 1 11.322773
474 1 11.322773
474 1 11.322773
474 1 11.322773
474 1 11.322773
474 1 11.322773
475 1 11.322773
476 2 11.322773
476 1 11.322773
477 1 11.322773
477 5 11.322773
477 1 11.322773
477 2 11.322773
477 1 11.322773
477 1 11.322773
478 1 11.322773
478 1 11.322773
478 1 11.322773
479 0 0.0
479 1 11.322773
479 0 0.0
480 1 11.322773
480 1 11.322773
480 2 11.322773
480 1 11.322773
480 1 11.322773
481 0 0.0
481 1 11.322773
481 1 11.322773
481 1 11.322773
481 1 11.322773
481 1 11.322773
481 0 0.0
482 1 11.322773
482 1 11.322773
483 2 11.322773
483 1 11.322773
483 1 11.322773
483 3 11.322773
483 1 11.322773
483 2 11.322773
483 0 0.0
484 1 11.322773
484 1 11.322773
484 1 11.322773
484 3 11.322773
484 2 11.322773
484 1 11.322773
484 1 11.322773
485 2 11.322773
485 1 11.322773
486 2 11.322773
486 1 11.322773
487 1 11.322773
487 1 11.322773
487 2 11.322773
487 1 11.322773
488 1 11.322773
489 2 11.322773
489 1 11.322773
489 1 11.322773
490 1 11.322773
490 1 11.322773
490 1 11.322773
490 2 11.322773
491 1 11.322773
491 2 11.322773
491 3 11.322773
491 2 11.322773
491 1 11.322773
491 2 11.322773
492 1 11.322773
492 1 11.322773
492 1 11.322773
492 1 11.322773
492 1 11.322773
492 1 11.322773
492 1 11.322773
493 1 11.322773
493 1 11.322773
493 2 11.322773
493 1 11.322773
494 1 11.322773
494 1 11.322773
495 2 11.322773
495 2 11.322773
495 1 11.322773
495 1 11.322773
496 1 11.322773
496 1 11.322773
496 3 11.322773
496 1 11.322773
497 1 11.322773
497 1 11.322773
497 1 11.322773
498 1 11.322773
498 1 11.322773
498 2 11.322773
498 1 11.322773
499 1 11.322773
499 2 11.322773
500 1 11.322773
500 1 11.322773
501 1 11.322773
501 2 11.322773
501 0 0.0
501 1 11.322773
501 1 11.322773
502 2 11.322773
502 1 11.322773
503 1 11.322773
503 1 11.322773
503 1 11.322773
503 3 11.322773
503 1 11.322773
503 1 11.322773
504 1 11.322773
504 2 11.322773
505 3 11.322773
505 1 11.322773
505 1 11.322773
505 1 11.322773
505 1 11.322773
505 1 11.322773
506 2 11.322773
506 1 11.322773
506 1 11.322773
506 1 11.322773
506 3 11.322773
507 1 11.322773
507 1 11.322773
507 1 11.322773
507 1 11.322773
507 1 11.322773
508 1 11.322773
508 2 11.322773
509 1 11.322773
509 1 11.322773
509 1 11.322773
510 2 11.322773
511 1 11.322773
511 1 11.322773
511 1 11.322773
512 1 11.322773
512 1 11.322773
512 1 11.322773
512 3 11.322773
513 1 11.322773
513 1 11.322773
513 1 11.322773
513 2 11.322773
514 1 11.322773
515 1 11.322773
516 1 11.322773
517 1 11.322773
517 1 11.322773
518 1 11.322773
518 3 11.322773
518 1 11.322773
518 1 11.322773
518 1 11.322773
518 1 11.322773
519 1 11.322773
519 1 11.322773
519 1 11.322773
521 1 11.322773
521 2 11.322773
522 1 11.322773
522 1 11.322773
522 1 11.322773
523 1 11.322773
524 2 11.322773
524 1 11.322773
524 1 11.322773
525 2 11.322773
525 1 11.322773
525 2 11.322773
525 1 11.322773
526 1 11.322773
526 1 11.322773
526 1 11.322773
526 2 11.322773
527 2 11.322773
527 0 0.0
527 1 11.322773
527 1 11.322773
528 2 11.322773
528 2 11.322773
528 2 11.322773
529 1 11.322773
529 0 0.0
529 1 11.322773
529 0 0.0
529 2 11.322773
530 0 0.0
530 1 11.322773
530 1 11.322773
530 1 11.322773
531 3 11.322773
531 2 11.322773
531 1 11.322773
531 1 11.322773
531 2 11.322773
531 1 11.322773
532 1 11.322773
532 1 11.322773
533 1 11.322773
533 1 11.322773
533 1 11.322773
533 1 11.322773
533 1 11.322773
534 1 11.322773
534 0 0.0
534 1 11.322773
534 1 11.322773
534 0 0.0
534 1 11.322773
534 1 11.322773
535 1 11.322773
535 1 11.322773
535 1 11.322773
535 0 0.0
536 2 11.322773
536 2 11.322773
537 1 11.322773
537 2 11.322773
537 1 11.322773
538 1 11.322773
538 1 11.322773
539 1 11.322773
539 1 11.322773
539 1 11.322773
539 1 11.322773
540 2 11.322773
540 1 11.322773
540 1 11.322773
540 1 11.322773
540 1 11.322773
540 1 11.322773
542 1 11.322773
542 1 11.322773
543 3 11.322773
544 1 11.322773
544 1 11.322773
544 1 11.322773
544 1 11.322773
544 1 11.322773
544 1 11.322773
544 1 11.322773
545 4 11.322773
546 2 11.322773
546 1 11.322773
546 1 11.322773
547 1 11.322773
547 1 11.322773
547 1 11.322773
547 1 11.322773
548 1 11.322773
549 1 11.322773
549 2 11.322773
550 1 11.322773
550 1 11.322773
550 1 11.322773
551 1 11.322773
551 1 11.322773
551 1 11.322773
551 2 11.322773
551 1 11.322773
552 1 11.322773
552 1 11.322773
552 2 11.322773
553 2 11.322773
553 1 11.322773
553 1 11.322773
554 1 11.322773
554 1 11.322773
554 1 11.322773
555 2 11.322773
555 1 11.322773
555 1 11.322773
556 1 11.322773
556 2 11.322773
556 1 11.322773
556 2 11.322773
557 4 11.322773
557 1 11.322773
557 1 11.322773
558 2 11.322773
558 5 11.322773
558 2 11.322773
558 1 11.322773
559 1 11.322773
559 1 11.322773
560 1 11.322773
560 2 11.322773
561 1 11.322773
561 1 11.322773
561 3 11.322773
561 1 11.322773
562 1 11.322773
562 2 11.322773
562 1 11.322773
562 2 11.322773
562 1 11.322773
562 1 11.322773
563 1 11.322773
563 1 11.322773
563 2 11.322773
563 1 11.322773
564 2 11.322773
564 1 11.322773
564 1 11.322773
565 1 11.322773
565 1 11.322773
565 2 11.322773
565 1 11.322773
565 1 11.322773
566 1 11.322773
566 1 11.322773
566 1 11.322773
566 2 11.322773
566 1 11.322773
567 2 11.322773
567 1 11.322773
567 1 11.322773
567 1 11.322773
567 1 11.322773
567 1 11.322773
567 1 11.322773
567 1 11.322773
568 1 11.322773
568 1 11.322773
568 1 11.322773
568 1 11.322773
569 2 11.322773
569 1 11.322773
569 1 11.322773
569 1 11.322773
569 1 11.322773
569 1 11.322773
569 2 11.322773
569 1 11.322773
570 1 11.322773
570 2 11.322773
570 3 11.322773
570 2 11.322773
571 1 11.322773
571 4 11.322773
571 1 11.322773
571 1 11.322773
571 1 11.322773
572 2 11.322773
573 1 11.322773
573 2 11.322773
573 1 11.322773
573 1 11.322773
573 1 11.322773
574 2 11.322773
574 1 11.322773
574 2 11.322773
574 1 11.322773
574 1 11.322773
574 1 11.322773
574 1 11.322773
574 1 11.322773
575 1 11.322773
575 1 11.322773
575 1 11.322773
575 1 11.322773
575 1 11.322773
575 1 11.322773
575 2 11.322773
575 1 11.322773
575 1 11.322773
575 2 11.322773
576 2 11.322773
576 1 11.322773
576 1 11.322773
576 1 11.322773
576 1 11.322773
576 1 11.322773
577 1 11.322773
578 1 11.322773
578 1 11.322773
579 1 11.322773
579 1 11.322773
579 1 11.322773
579 1 11.322773
580 1 11.322773
580 1 11.322773
581 3 11.322773
581 2 11.322773
581 1 11.322773
582 1 11.322773
582 2 11.322773
582 1 11.322773
582 1 11.322773
583 1 11.322773
584 2 11.322773
584 2 11.322773
584 1 11.322773
584 1 11.322773
584 1 11.322773
585 2 11.322773
585 1 11.322773
585 1 11.322773
585 2 11.322773
585 1 11.322773
586 1 11.322773
586 1 11.322773
586 1 11.322773
587 1 11.322773
587 1 11.322773
587 2 11.322773
587 1 11.322773
588 1 11.322773
588 1 11.322773
588 2 11.322773
588 1 11.322773
588 1 11.322773
589 1 11.322773
589 1 11.322773
589 1 11.322773
589 3 11.322773
590 2 11.322773
590 1 11.322773
590 1 11.322773
590 1 11.322773
590 3 11.322773
590 1 11.322773
591 1 11.322773
591 2 11.322773
591 1 11.322773
591 1 11.322773
592 1 11.322773
592 1 11.322773
592 1 11.322773
593 1 11.322773
593 1 11.322773
593 1 11.322773
593 1 11.322773
594 2 11.322773
594 1 11.322773
594 1 11.322773
595 1 11.322773
595 1 11.322773
596 1 11.322773
596 1 11.322773
596 1 11.322773
597 1 11.322773
597 1 11.322773
597 1 11.322773
598 1 11.322773
599 2 11.322773
600 2 11.322773
600 1 11.322773
600 1 11.322773
601 1 11.322773
601 1 11.322773
602 1 11.322773
603 2 11.322773
603 1 11.322773
603 1 11.322773
604 1 11.322773
604 1 11.322773
604 2 11.322773
605 1 11.322773
605 1 11.322773
605 1 11.322773
605 1 11.322773
605 1 11.322773
606 1 11.322773
607 1 11.322773
607 1 11.322773
607 1 11.322773
608 1 11.322773
608 1 11.322773
608 1 11.322773
608 1 11.322773
609 0 0.0
609 0 0.0
610 0 0.0
610 1 11.322773
610 0 0.0
610 1 11.322773
610 0 0.0
610 1 11.322773
610 1 11.322773
611 1 11.322773
611 2 11.322773
611 0 0.0
611 0 0.0
612 0 0.0
612 0 0.0
612 0 0.0
612 0 0.0
612 0 0.0
613 1 11.322773
613 2 11.322773
613 0 0.0
613 3 11.322773
613 1 11.322773
614 1 11.322773
614 1 11.322773
614 1 11.322773
614 1 11.322773
614 2 11.322773
615 1 11.322773
615 1 11.322773
615 1 11.322773
615 1 11.322773
616 1 11.322773
616 3 11.322773
616 1 11.322773
617 1 11.322773
617 1 11.322773
617 2 11.322773
617 1 11.322773
618 1 11.322773
618 1 11.322773
618 1 11.322773
619 1 11.322773
619 1 11.322773
619 1 11.322773
619 1 11.322773
619 1 11.322773
620 1 11.322773
620 2 11.322773
620 1 11.322773
620 2 11.322773
620 1 11.322773
620 1 11.322773
621 1 10.5889845
621 2 11.322773
621 3 11.322773
621 3 11.322773
621 1 11.322773
621 3 11.322773
622 1 11.322773
622 1 11.322773
622 1 11.322773
622 1 11.322773
622 3 11.322773
622 1 11.322773
622 1 11.322773
622 2 11.322773
623 1 11.322773
623 1 11.322773
623 1 11.322773
623 1 11.322773
623 1 11.322773
624 1 11.322773
624 0 0.0
624 1 11.322773
624 6 11.322773
624 1 11.322773
624 1 11.322773
624 1 11.322773
625 1 11.322773
625 1 11.322773
625 2 11.322773
625 1 11.322773
625 1 11.322773
625 2 11.322773
626 1 11.322773
626 1 11.322773
627 3 11.322773
627 2 11.322773
627 1 11.322773
627 2 11.322773
627 1 11.322773
628 1 11.322773
628 1 11.322773
628 2 11.322773
628 2 11.322773
628 2 11.322773
628 2 11.322773
628 1 11.322773
628 1 11.322773
628 3 11.322773
628 2 11.322773
628 1 11.322773
629 4 11.322773
629 1 11.322773
629 1 11.322773
629 1 11.322773
629 2 11.322773
629 2 11.322773
629 1 11.322773
629 1 11.322773
629 1 11.322773
629 4 11.322773
629 1 11.322773
630 1 11.322773
630 2 11.322773
630 1 11.322773
630 2 11.322773
630 1 11.322773
630 1 11.322773
631 2 11.322773
631 1 11.322773
631 1 11.322773
632 2 11.322773
632 1 11.322773
632 0 0.0
632 0 0.0
632 0 0.0
632 0 0.0
632 0 0.0
632 0 0.0
632 0 0.0
632 0 0.0
632 0 0.0
632 1 11.322773
632 0 0.0
632 0 0.0
632 0 0.0
633 1 11.322773
633 1 11.322773
633 1 11.322773
633 1 11.322773
634 1 11.322773
634 1 11.322773
634 1 11.322773
634 1 11.322773
634 1 11.322773
635 2 11.322773
635 3 11.322773
635 2 11.322773
635 2 11.322773
635 1 11.322773
635 1 11.322773
635 1 11.322773
635 0 0.0
636 1 11.322773
636 1 11.322773
636 1 11.322773
636 3 11.322773
636 1 11.322773
636 2 11.322773
636 0 0.0
636 3 11.322773
636 3 11.322773
636 0 0.0
637 2 11.322773
637 1 11.322773
637 1 11.322773
637 1 11.322773
638 1 11.322773
638 1 11.322773
638 1 11.322773
638 1 11.322773
638 1 11.322773
638 1 11.322773
639 2 11.322773
639 2 11.322773
639 1 11.322773
639 1 11.322773
639 1 11.322773
640 1 11.322773
640 2 11.322773
640 1 11.322773
641 3 11.322773
641 1 11.322773
641 1 11.322773
642 1 11.322773
642 1 11.322773
642 1 11.322773
642 1 11.322773
642 1 11.322773
643 3 11.322773
643 1 11.322773
643 1 11.322773
643 2 11.322773
643 1 11.322773
644 2 11.322773
644 2 11.322773
644 1 11.322773
644 1 11.322773
644 1 11.322773
644 1 11.322773
644 1 11.322773
645 0 0.0
645 1 11.322773
645 1 11.322773
645 4 11.322773
645 1 11.322773
646 1 11.322773
646 1 11.322773
646 1 11.322773
647 0 0.0
647 1 11.322773
647 1 11.322773
647 1 11.322773
647 1 11.322773
648 1 11.322773
648 2 11.322773
648 1 11.322773
649 2 11.322773
649 1 11.322773
649 0 0.0
649 1 11.322773
649 2 11.322773
649 1 11.322773
649 1 11.322773
650 1 11.322773
650 1 11.322773
650 1 11.322773
650 3 11.322773
650 2 11.322773
650 1 11.322773
650 2 11.322773
650 1 11.322773
651 1 11.322773
651 1 11.322773
651 1 11.322773
652 0 0.0
653 1 11.322773
653 0 0.0
653 1 11.322773
653 0 0.0
653 0 0.0
654 2 11.322773
654 1 11.322773
654 1 11.322773
655 1 11.322773
655 1 11.322773
655 1 11.322773
656 1 11.322773
656 2 11.322773
656 1 11.322773
656 1 11.322773
656 2 11.322773
656 1 11.322773
656 1 11.322773
656 1 11.322773
657 1 11.322773
657 1 11.322773
657 2 11.322773
658 1 11.322773
659 1 11.322773
659 1 11.322773
659 3 11.322773
661 0 0.0
661 1 11.322773
661 0 0.0
662 1 11.322773
662 1 11.322773
662 1 11.322773
662 1 11.322773
662 0 0.0
663 2 11.322773
664 1 11.322773
664 1 11.322773
665 0 0.0
665 0 0.0
665 0 0.0
665 0 0.0
665 0 0.0
665 0 0.0
666 0 0.0
666 0 0.0
666 1 11.322773
666 0 0.0
666 1 11.322773
666 0 0.0
666 0 0.0
667 1 11.322773
668 1 11.322773
668 1 11.322773
669 1 11.322773
669 1 11.322773
669 1 11.322773
669 1 11.322773
669 1 11.332965
670 1 11.322773
670 1 11.322773
671 1 11.322773
671 1 11.322773
671 1 11.322773
672 1 11.322773
672 0 0.0
672 0 0.0
673 1 11.322773
674 1 11.322773
674 1 11.322773
675 1 11.322773
675 0 0.0
676 2 11.322773
676 1 11.322773
676 1 11.322773
676 1 11.322773
677 1 11.322773
677 1 11.322773
677 1 11.322773
677 2 11.322773
677 1 11.322773
677 1 11.322773
678 1 11.322773
678 2 11.322773
679 1 11.322773
679 1 11.322773
679 1 11.322773
680 1 11.322773
680 2 11.322773
682 2 11.322773
682 1 11.322773
682 1 11.322773
682 1 11.322773
682 2 11.322773
683 1 11.322773
683 1 11.322773
683 0 0.0
683 1 11.322773
683 1 11.322773
683 0 0.0
683 2 11.322773
684 1 11.322773
684 1 11.322773
684 2 11.322773
685 1 11.322773
685 1 11.322773
685 1 11.322773
685 3 11.322773
687 1 11.322773
688 1 11.322773
688 3 11.322773
688 1 11.322773
688 1 11.322773
688 1 11.322773
688 1 11.322773
689 0 0.0
689 0 0.0
689 0 0.0
689 1 11.322773
689 0 0.0
689 1 11.322773
689 1 11.322773
689 0 0.0
689 0 0.0
690 2 11.322773
690 1 11.322773
690 0 0.0
690 0 0.0
690 0 0.0
690 0 0.0
690 2 11.322773
690 0 0.0
690 1 11.322773
690 1 11.322773
690 2 11.322773
691 1 11.322773
691 2 11.322773
691 2 11.322773
691 2 11.322773
692 1 11.322773
692 1 11.322773
692 1 11.322773
693 1 11.322773
693 1 11.322773
694 1 11.322773
695 1 11.322773
695 1 11.322773
696 1 11.322773
696 2 11.322773
696 1 11.322773
696 2 11.322773
696 1 11.322773
696 1 11.322773
697 1 11.322773
697 1 11.322773
697 2 11.322773
697 2 11.322773
697 1 11.322773
697 2 11.322773
697 1 11.322773
697 1 11.322773
698 2 11.322773
698 1 11.322773
699 1 11.322773
699 1 11.322773
699 2 11.322773
699 1 11.322773
699 1 11.322773
700 1 11.322773
700 1 11.322773
700 1 11.322773
700 0 0.0
700 0 0.0
701 1 11.322773
702 0 0.0
702 1 11.322773
702 1 11.322773
703 1 11.322773
703 1 11.322773
703 2 11.322773
703 1 11.322773
703 2 11.322773
703 1 11.322773
704 1 11.322773
704 1 11.322773
704 2 11.322773
704 1 11.322773
704 1 11.322773
705 1 11.322773
705 1 11.322773
705 1 11.322773
705 1 11.322773
706 0 0.0
706 2 11.322773
706 0 0.0
706 0 0.0
706 0 0.0
706 0 0.0
706 0 0.0
706 0 0.0
706 0 0.0
707 2 11.322773
707 1 11.322773
708 0 0.0
708 1 11.322773
708 1 11.322773
709 1 11.322773
709 0 0.0
710 0 0.0
710 1 11.322773
710 1 11.322773
711 1 11.322773
711 2 11.322773
711 1 11.322773
711 1 11.322773
711 1 11.322773
711 0 0.0
711 1 11.322773
712 0 0.0
712 2 11.322773
712 3 11.322773
712 1 11.322773
712 1 11.322773
712 2 11.322773
713 1 11.322773
713 1 11.322773
713 0 0.0
713 2 11.322773
713 1 11.322773
713 1 11.322773
713 1 11.322773
714 1 11.322773
714 0 0.0
714 1 11.322773
715 1 10.334196
715 0 0.0
715 2 11.322773
716 0 0.0
716 1 11.322773
716 0 0.0
717 1 11.322773
717 1 11.322773
717 1 11.322773
717 1 11.322773
717 1 11.322773
717 1 11.322773
718 1 11.322773
718 2 11.322773
718 0 0.0
718 2 11.322773
718 3 11.322773
719 3 11.322773
719 1 11.322773
719 1 11.322773
719 1 11.322773
719 1 11.322773
720 1 11.322773
720 1 11.322773
720 0 0.0
721 1 11.322773
721 1 11.322773
721 2 11.322773
722 4 11.322773
722 1 11.322773
722 2 11.322773
722 2 11.322773
722 0 0.0
722 1 11.322773
722 1 11.322773
723 2 11.322773
723 1 11.322773
723 2 11.322773
723 1 11.322773
724 2 11.322773
725 1 11.322773
725 1 11.322773
725 1 11.322773
725 1 11.322773
725 1 11.322773
725 1 11.322773
725 1 11.322773
730 1 11.322773
730 1 11.322773
730 3 11.322773
731 2 11.322773
731 1 11.322773
732 2 11.322773
732 2 11.3176775
732 1 11.322773
732 1 11.322773
733 1 11.322773
733 1 11.322773
734 2 11.322773
734 1 11.322773
735 2 11.322773
736 1 11.322773
736 1 11.322773
737 1 11.322773
737 1 11.322773
737 1 11.322773
738 2 11.322773
738 1 11.322773
739 0 0.0
739 1 11.322773
739 1 11.322773
739 0 0.0
740 1 11.322773
740 1 11.322773
740 1 11.322773
741 0 0.0
741 1 11.322773
741 0 0.0
741 0 0.0
741 0 0.0
741 2 11.322773
741 0 0.0
741 0 0.0
741 0 0.0
741 0 0.0
741 0 0.0
741 0 0.0
741 0 0.0
742 1 11.322773
742 1 11.322773
743 1 11.322773
743 1 11.322773
743 1 11.322773
743 2 11.322773
743 1 11.322773
743 2 11.322773
743 1 11.322773
744 2 11.322773
744 0 0.0
744 1 11.322773
744 1 11.322773
744 1 11.322773
744 3 11.322773
744 2 11.322773
744 1 11.322773
744 0 0.0
744 1 11.322773
745 1 11.322773
745 1 11.322773
745 0 0.0
745 0 0.0
745 0 0.0
745 1 11.322773
745 0 0.0
745 1 11.322773
746 1 11.322773
746 1 11.322773
747 2 11.322773
747 1 11.322773
747 1 11.322773
747 1 11.322773
748 0 0.0
748 0 0.0
748 1 11.322773
748 1 11.322773
748 0 0.0
748 0 0.0
748 0 0.0
749 1 11.322773
749 2 11.322773
749 1 11.322773
749 1 11.322773
750 0 0.0
750 2 11.322773
750 0 0.0
750 1 11.322773
750 2 11.322773
751 2 11.322773
751 1 11.322773
751 1 11.322773
751 1 11.322773
752 1 11.322773
752 1 11.322773
752 1 11.322773
752 1 11.322773
752 0 0.0
752 1 11.322773
752 0 0.0
753 0 0.0
753 0 0.0
753 1 11.322773
753 0 0.0
753 1 11.322773
753 1 11.322773
753 3 11.322773
753 0 0.0
753 0 0.0
754 1 11.322773
754 1 11.322773
754 1 11.322773
754 1 11.322773
754 1 11.322773
754 2 11.322773
754 2 11.322773
755 2 11.322773
755 1 11.322773
755 1 11.322773
755 0 0.0
755 2 11.322773
755 2 11.322773
755 0 0.0
756 1 11.322773
756 0 0.0
756 1 11.322773
756 1 11.322773
756 1 11.322773
757 1 11.322773
757 2 11.322773
757 2 11.322773
757 1 11.322773
757 1 11.322773
757 1 11.322773
758 1 11.322773
758 1 11.322773
758 2 11.322773
758 1 11.322773
759 2 11.322773
759 2 11.322773
759 2 11.322773
759 3 11.322773
759 1 11.322773
759 1 11.322773
759 3 11.322773
759 0 0.0
759 2 11.322773
759 1 11.322773
760 1 11.322773
760 1 11.322773
760 1 11.322773
760 1 11.322773
760 2 11.322773
760 2 11.322773
