240 0 0.0
240 0 0.0
240 0 0.0
240 0 0.0
242 0 0.0
244 0 0.0
245 0 0.0
246 0 0.0
246 0 0.0
246 0 0.0
246 0 0.0
246 0 0.0
246 0 0.0
247 0 0.0
247 0 0.0
247 0 0.0
247 0 0.0
249 1 78.97608
251 0 0.0
251 1 78.97608
253 0 0.0
254 0 0.0
254 0 0.0
254 0 0.0
254 0 0.0
254 0 0.0
254 0 0.0
255 0 0.0
255 0 0.0
256 0 0.0
256 0 0.0
257 0 0.0
257 0 0.0
258 0 0.0
259 1 0.008776095
259 1 78.97608
260 0 0.0
260 1 78.97608
261 0 0.0
262 1 78.97608
262 1 78.97608
263 1 78.97608
263 0 0.0
264 1 78.97608
264 1 78.97608
265 0 0.0
265 1 78.97608
267 1 78.97608
269 0 0.0
269 1 78.97608
270 0 0.0
270 0 0.0
270 0 0.0
270 0 0.0
270 0 0.0
270 0 0.0
271 0 0.0
271 1 78.97608
271 0 0.0
271 0 0.0
271 0 0.0
271 0 0.0
272 1 78.97608
272 0 0.0
272 0 0.0
272 0 0.0
272 0 0.0
273 0 0.0
273 1 78.97608
273 0 0.0
273 0 0.0
274 0 0.0
274 0 0.0
274 0 0.0
274 0 0.0
275 0 0.0
275 0 0.0
275 0 0.0
275 0 0.0
275 1 78.97608
276 0 0.0
276 0 0.0
276 0 0.0
276 0 0.0
277 0 0.0
277 0 0.0
277 0 0.0
277 0 0.0
278 0 0.0
278 0 0.0
278 1 78.97608
278 0 0.0
278 0 0.0
278 1 78.97608
278 1 85.21588
279 0 0.0
279 0 0.0
279 1 78.97608
279 1 85.21588
279 0 0.0
279 0 0.0
279 1 78.97608
280 0 0.0
280 0 0.0
280 0 0.0
280 0 0.0
281 0 0.0
281 0 0.0
281 0 0.0
281 0 0.0
281 0 0.0
282 0 0.0
282 0 0.0
282 0 0.0
282 0 0.0
283 0 0.0
283 0 0.0
283 0 0.0
284 0 0.0
284 0 0.0
284 0 0.0
285 0 0.0
285 0 0.0
285 0 0.0
285 0 0.0
286 0 0.0
286 1 78.97608
286 0 0.0
286 0 0.0
286 0 0.0
287 0 0.0
287 1 78.97608
287 0 0.0
287 0 0.0
288 0 0.0
288 0 0.0
288 0 0.0
288 0 0.0
288 0 0.0
288 0 0.0
288 0 0.0
288 0 0.0
289 0 0.0
289 1 78.97608
289 0 0.0
289 0 0.0
289 0 0.0
289 0 0.0
289 1 78.97608
290 0 0.0
290 0 0.0
290 0 0.0
290 0 0.0
290 0 0.0
290 0 0.0
290 0 0.0
290 0 0.0
290 0 0.0
291 0 0.0
291 0 0.0
291 0 0.0
291 0 0.0
291 0 0.0
291 0 0.0
291 0 0.0
292 0 0.0
292 0 0.0
292 0 0.0
292 0 0.0
292 0 0.0
292 0 0.0
292 0 0.0
292 0 0.0
292 0 0.0
292 0 0.0
292 0 0.0
292 0 0.0
292 0 0.0
292 0 0.0
292 0 0.0
292 0 0.0
292 0 0.0
292 0 0.0
292 0 0.0
293 0 0.0
293 0 0.0
293 0 0.0
293 0 0.0
293 0 0.0
293 0 0.0
293 1 78.97608
293 0 0.0
293 0 0.0
294 0 0.0
294 0 0.0
294 0 0.0
294 0 0.0
294 0 0.0
294 0 0.0
294 1 78.97608
295 0 0.0
295 0 0.0
295 0 0.0
295 0 0.0
295 0 0.0
295 0 0.0
295 0 0.0
296 0 0.0
296 0 0.0
296 0 0.0
296 0 0.0
296 0 0.0
296 0 0.0
296 0 0.0
297 0 0.0
297 1 78.97608
297 0 0.0
297 0 0.0
297 0 0.0
297 0 0.0
297 0 0.0
298 1 78.97608
298 0 0.0
298 0 0.0
298 0 0.0
299 0 0.0
299 0 0.0
299 0 0.0
299 0 0.0
299 0 0.0
299 0 0.0
300 0 0.0
300 0 0.0
300 0 0.0
300 1 78.97608
300 0 0.0
300 1 78.97608
300 0 0.0
300 0 0.0
300 0 0.0
301 0 0.0
301 0 0.0
301 0 0.0
301 0 0.0
301 0 0.0
301 0 0.0
303 0 0.0
303 0 0.0
303 0 0.0
303 0 0.0
303 0 0.0
304 0 0.0
304 0 0.0
304 1 78.97608
304 0 0.0
304 0 0.0
305 0 0.0
305 0 0.0
305 0 0.0
305 0 0.0
305 0 0.0
306 0 0.0
306 0 0.0
306 0 0.0
306 0 0.0
306 0 0.0
307 1 78.97608
307 0 0.0
307 0 0.0
307 0 0.0
307 0 0.0
308 0 0.0
308 0 0.0
308 0 0.0
308 0 0.0
308 0 0.0
309 0 0.0
309 0 0.0
309 0 0.0
309 0 0.0
309 0 0.0
309 0 0.0
309 0 0.0
309 1 78.97608
310 0 0.0
310 0 0.0
310 0 0.0
310 0 0.0
310 0 0.0
310 0 0.0
310 0 0.0
310 0 0.0
311 0 0.0
311 0 0.0
311 0 0.0
311 0 0.0
311 0 0.0
311 2 78.97608
311 0 0.0
312 0 0.0
312 0 0.0
312 0 0.0
312 0 0.0
312 0 0.0
312 0 0.0
312 0 0.0
313 1 78.97608
314 1 78.97608
314 1 78.97608
314 0 0.0
314 0 0.0
314 1 78.97608
314 0 0.0
314 0 0.0
314 0 0.0
315 0 0.0
315 0 0.0
315 1 78.97608
315 0 0.0
315 0 0.0
315 1 85.21588
315 0 0.0
315 0 0.0
315 0 0.0
316 0 0.0
316 0 0.0
316 0 0.0
316 0 0.0
316 1 78.97608
316 0 0.0
316 0 0.0
316 0 0.0
316 0 0.0
317 0 0.0
317 0 0.0
317 0 0.0
317 0 0.0
317 0 0.0
318 0 0.0
318 0 0.0
318 0 0.0
318 0 0.0
319 0 0.0
319 1 78.97608
319 0 0.0
319 0 0.0
319 0 0.0
319 0 0.0
319 0 0.0
319 0 0.0
320 0 0.0
320 1 78.97608
320 0 0.0
320 1 78.97608
320 0 0.0
320 1 85.21588
320 0 0.0
320 0 0.0
320 1 78.97608
321 1 78.97608
321 0 0.0
321 1 78.97608
321 0 0.0
321 0 0.0
321 1 78.97608
321 0 0.0
322 0 0.0
322 0 0.0
322 0 0.0
322 0 0.0
322 0 0.0
322 0 0.0
322 0 0.0
322 0 0.0
322 0 0.0
322 1 78.97608
322 0 0.0
322 1 78.97608
323 0 0.0
323 0 0.0
323 0 0.0
323 0 0.0
323 0 0.0
323 0 0.0
323 0 0.0
323 0 0.0
323 0 0.0
323 0 0.0
323 0 0.0
324 0 0.0
324 0 0.0
324 0 0.0
324 0 0.0
324 0 0.0
324 0 0.0
324 0 0.0
324 0 0.0
324 0 0.0
324 0 0.0
324 0 0.0
324 0 0.0
325 0 0.0
325 0 0.0
325 0 0.0
325 0 0.0
325 0 0.0
325 0 0.0
325 0 0.0
325 0 0.0
325 0 0.0
325 0 0.0
325 0 0.0
326 0 0.0
326 0 0.0
326 0 0.0
326 0 0.0
326 0 0.0
326 0 0.0
326 0 0.0
326 0 0.0
326 0 0.0
326 0 0.0
327 0 0.0
327 0 0.0
327 0 0.0
327 1 78.97608
327 1 78.97608
327 0 0.0
327 0 0.0
327 0 0.0
327 0 0.0
328 0 0.0
328 0 0.0
328 0 0.0
328 0 0.0
328 1 85.21588
328 1 78.97608
328 0 0.0
328 0 0.0
329 0 0.0
329 0 0.0
329 0 0.0
329 0 0.0
329 0 0.0
329 0 0.0
330 0 0.0
330 0 0.0
330 0 0.0
330 0 0.0
330 0 0.0
330 0 0.0
330 1 78.97608
331 0 0.0
331 0 0.0
331 0 0.0
331 1 78.97608
331 0 0.0
331 0 0.0
332 1 85.21588
332 0 0.0
332 0 0.0
332 0 0.0
333 0 0.0
333 1 78.97608
333 1 85.21588
333 0 0.0
333 0 0.0
333 1 78.97608
333 1 78.97608
334 0 0.0
334 1 78.97608
334 0 0.0
334 0 0.0
335 0 0.0
335 1 85.21588
335 1 85.21588
335 1 85.21588
335 1 78.97608
335 1 78.97608
335 1 78.97608
335 0 0.0
335 1 78.97608
335 1 85.21588
336 0 0.0
336 0 0.0
336 0 0.0
336 0 0.0
336 0 0.0
336 0 0.0
336 0 0.0
336 1 78.97608
337 1 78.97608
337 0 0.0
337 0 0.0
337 0 0.0
337 1 78.97608
337 0 0.0
337 0 0.0
337 1 78.97608
337 -1 78.97608
337 0 0.0
338 0 0.0
338 0 0.0
338 0 0.0
338 0 0.0
338 0 0.0
338 0 0.0
338 0 0.0
338 1 78.97608
338 0 0.0
339 0 0.0
339 0 0.0
339 0 0.0
339 0 0.0
339 0 0.0
339 0 0.0
339 0 0.0
339 0 0.0
339 0 0.0
339 0 0.0
339 0 0.0
339 0 0.0
340 0 0.0
340 0 0.0
340 1 78.97608
340 0 0.0
340 -1 78.97608
340 0 0.0
340 0 0.0
340 0 0.0
340 0 0.0
340 1 78.97608
340 0 0.0
340 0 0.0
341 0 0.0
341 0 0.0
341 0 0.0
341 0 0.0
341 0 0.0
341 0 0.0
341 1 78.97608
341 0 0.0
341 0 0.0
342 0 0.0
342 0 0.0
342 0 0.0
342 1 78.97608
342 0 0.0
342 3 78.97608
342 0 0.0
342 1 78.97608
342 1 78.97608
343 0 0.0
343 0 0.0
343 0 0.0
343 0 0.0
343 0 0.0
343 0 0.0
343 0 0.0
343 0 0.0
343 0 0.0
343 0 0.0
344 0 0.0
344 0 0.0
344 0 0.0
344 0 0.0
344 0 0.0
344 0 0.0
344 0 0.0
344 0 0.0
344 0 0.0
345 0 0.0
345 0 0.0
345 0 0.0
345 1 78.97608
345 0 0.0
345 0 0.0
345 0 0.0
345 0 0.0
345 0 0.0
346 0 0.0
346 0 0.0
346 1 78.97608
346 0 0.0
346 0 0.0
346 0 0.0
347 1 78.97608
347 0 0.0
347 0 0.0
347 0 0.0
348 0 0.0
348 0 0.0
348 1 78.97608
348 1 78.97608
348 0 0.0
349 1 78.97608
349 2 78.97608
349 0 0.0
349 1 78.97608
350 0 0.0
350 0 0.0
350 1 85.21588
351 0 0.0
351 0 0.0
352 0 0.0
352 2 78.97608
353 1 78.97608
353 0 0.0
355 2 78.97608
355 1 85.21588
355 2 78.97608
357 1 78.97608
358 1 78.97608
360 1 78.97608
360 1 78.97608
365 1 78.97608
365 1 78.97608
365 1 78.97608
366 1 78.97608
366 1 78.97608
366 1 78.97608
367 2 82.095985
367 1 78.97608
367 1 78.97608
368 0 0.0
368 0 0.0
368 0 0.0
368 0 0.0
369 1 78.97608
369 1 78.97608
370 0 0.0
370 1 78.97608
370 1 78.97608
371 1 78.97608
372 1 85.21588
372 1 78.97608
372 0 0.0
373 1 78.97608
373 0 0.0
374 1 78.97608
374 1 78.97608
374 0 0.0
375 1 78.97608
375 0 0.0
375 0 0.0
376 0 0.0
376 0 0.0
377 0 0.0
377 0 0.0
378 0 0.0
378 0 0.0
379 0 0.0
379 1 78.97608
379 1 78.97608
379 0 0.0
380 1 8.776095
380 1 78.97608
380 1 78.97608
380 1 78.97608
380 0 0.0
381 1 78.97608
381 0 0.0
382 1 78.97608
382 2 78.97608
382 -1 78.97608
382 0 0.0
383 -1 78.97608
384 1 78.97608
384 1 78.97608
384 0 0.0
385 1 78.97608
385 0 0.0
386 0 0.0
387 1 78.97608
387 0 0.0
388 1 78.97608
388 1 78.97608
388 0 0.0
389 0 0.0
390 0 0.0
391 1 78.97608
392 1 78.97608
392 1 78.97608
392 0 0.0
393 0 0.0
394 0 0.0
395 1 78.97608
395 1 78.97608
395 0 0.0
395 0 0.0
396 1 78.97608
396 0 0.0
397 1 78.97608
397 0 0.0
398 1 78.97608
398 1 78.97608
398 0 0.0
399 0 0.0
399 0 0.0
399 0 0.0
399 0 0.0
399 0 0.0
399 0 0.0
399 0 0.0
399 0 0.0
399 0 0.0
399 0 0.0
399 0 0.0
399 0 0.0
399 0 0.0
399 0 0.0
399 0 0.0
400 0 0.0
401 1 78.97608
402 1 85.21588
405 1 78.97608
407 1 78.97608
408 -1 78.97608
408 1 78.97608
414 1 61.42389
415 1 61.42389
416 1 61.42389
417 1 61.42389
418 0 0.0
418 0 0.0
418 0 0.0
419 0 0.0
419 0 0.0
419 0 0.0
419 1 61.42389
420 0 0.0
420 0 0.0
420 0 0.0
420 0 0.0
420 0 0.0
420 0 0.0
420 0 0.0
420 0 0.0
420 0 0.0
420 0 0.0
420 0 0.0
421 0 0.0
421 0 0.0
421 2 61.42389
421 0 0.0
421 1 61.42389
422 0 0.0
422 0 0.0
423 0 0.0
423 0 0.0
423 0 0.0
425 0 0.0
425 -1 78.97608
428 1 61.42389
433 0 0.0
433 1 61.42389
437 0 0.0
437 1 61.42389
438 0 0.0
442 0 0.0
444 1 61.42389
449 0 0.0
449 0 0.0
449 0 0.0
449 0 0.0
449 0 0.0
449 0 0.0
449 0 0.0
449 0 0.0
449 1 61.42389
449 0 0.0
449 0 0.0
449 0 0.0
450 1 61.42389
451 1 61.42389
451 1 61.42389
453 0 0.0
459 0 0.0
462 1 61.42389
464 1 61.42389
467 -1 78.97608
468 0 0.0
468 0 0.0
469 1 61.42389
469 0 0.0
469 0 0.0
469 0 0.0
470 1 61.42389
470 1 61.42389
471 1 61.42389
472 0 0.0
472 0 0.0
472 0 0.0
472 0 0.0
472 0 0.0
472 0 0.0
472 0 0.0
472 0 0.0
472 0 0.0
473 0 0.0
473 0 0.0
474 -1 85.21588
474 0 0.0
474 0 0.0
476 0 0.0
477 0 0.0
477 0 0.0
477 0 0.0
477 0 0.0
480 0 0.0
486 0 0.0
486 0 0.0
487 0 0.0
487 0 0.0
487 0 0.0
487 0 0.0
488 0 0.0
489 0 0.0
489 0 0.0
489 0 0.0
489 0 0.0
490 0 0.0
490 0 0.0
490 0 0.0
490 0 0.0
496 0 0.0
497 0 0.0
497 0 0.0
497 0 0.0
497 0 0.0
498 0 0.0
498 0 0.0
502 0 0.0
503 0 0.0
517 0 0.0
520 0 0.0
689 0 0.0
689 0 0.0
689 0 0.0
689 0 0.0
689 0 0.0
689 0 0.0
689 0 0.0
689 0 0.0
689 0 0.0
690 0 0.0
690 0 0.0
690 0 0.0
690 0 0.0
690 0 0.0
690 0 0.0
690 0 0.0
690 0 0.0
690 0 0.0
691 0 0.0
691 0 0.0
691 0 0.0
691 0 0.0
691 0 0.0
691 0 0.0
691 0 0.0
691 0 0.0
691 0 0.0
692 0 0.0
692 0 0.0
692 0 0.0
692 0 0.0
692 0 0.0
692 0 0.0
692 0 0.0
692 0 0.0
692 0 0.0
693 0 0.0
693 0 0.0
693 0 0.0
693 0 0.0
693 0 0.0
693 0 0.0
693 0 0.0
693 0 0.0
693 0 0.0
694 0 0.0
694 0 0.0
694 0 0.0
694 0 0.0
694 0 0.0
694 0 0.0
694 0 0.0
694 0 0.0
694 0 0.0
695 0 0.0
695 0 0.0
695 0 0.0
695 0 0.0
695 0 0.0
695 0 0.0
695 0 0.0
695 0 0.0
695 0 0.0
696 0 0.0
696 0 0.0
696 0 0.0
696 0 0.0
696 0 0.0
696 0 0.0
696 0 0.0
696 0 0.0
696 0 0.0
697 0 0.0
697 0 0.0
697 0 0.0
697 0 0.0
697 0 0.0
697 0 0.0
697 0 0.0
697 0 0.0
697 0 0.0
698 0 0.0
698 0 0.0
698 0 0.0
698 0 0.0
698 0 0.0
698 0 0.0
698 0 0.0
698 0 0.0
698 0 0.0
699 0 0.0
699 0 0.0
699 2 78.97608
699 0 0.0
699 0 0.0
699 0 0.0
699 0 0.0
699 0 0.0
699 0 0.0
700 0 0.0
700 0 0.0
700 0 0.0
700 0 0.0
700 0 0.0
700 0 0.0
700 0 0.0
700 0 0.0
701 0 0.0
701 0 0.0
701 0 0.0
701 0 0.0
702 0 0.0
702 0 0.0
702 0 0.0
702 0 0.0
702 0 0.0
703 0 0.0
703 1 78.97608
703 0 0.0
703 0 0.0
704 0 0.0
704 1 78.97608
704 0 0.0
704 1 78.97608
705 0 0.0
705 1 78.97608
706 0 0.0
707 1 78.97608
707 0 0.0
707 1 78.97608
708 0 0.0
708 0 0.0
709 0 0.0
710 0 0.0
711 0 0.0
712 0 0.0
712 1 78.97608
713 0 0.0
714 0 0.0
715 0 0.0
715 1 78.97608
716 0 0.0
717 0 0.0
718 0 0.0
720 0 0.0
737 4 69.102974
738 1 78.97608
743 1 64.872894
745 -1 64.872894
