0 2 159.65926
5 1 159.65926
6 1 159.65926
8 0 0.0
12 0 0.0
12 0 0.0
16 0 0.0
20 1 159.65926
24 1 159.65926
25 1 159.65926
27 0 0.0
27 2 159.65926
28 -1 159.65926
29 0 0.0
30 2 159.65926
37 3 159.65926
38 1 159.65926
41 0 0.0
41 1 159.65926
43 1 159.65926
45 0 0.0
45 1 159.65926
47 1 159.65926
48 2 159.65926
50 1 159.65926
52 1 159.65926
56 0 0.0
57 0 0.0
57 1 159.65926
60 1 159.65926
63 1 159.65926
64 0 0.0
64 0 0.0
66 1 159.65926
67 4 159.65926
69 1 159.65926
71 0 0.0
75 3 159.65926
76 1 159.65926
77 2 159.65926
79 0 0.0
80 0 0.0
81 2 159.65926
84 1 159.65926
84 1 159.65926
87 1 159.65926
89 1 159.65926
96 0 0.0
97 0 0.0
98 0 0.0
102 0 0.0
103 1 159.65926
103 0 0.0
104 6 159.65926
105 0 0.0
109 0 0.0
114 1 159.65926
117 3 159.65926
118 1 159.65926
119 1 159.65926
120 0 0.0
120 0 0.0
121 0 0.0
127 1 159.65926
128 2 159.65926
129 -1 159.65926
129 2 159.65926
129 2 159.65926
130 0 0.0
132 9 159.65926
133 0 0.0
134 1 159.65926
136 0 0.0
138 6 159.65926
143 1 159.65926
144 1 159.65926
144 0 0.0
148 4 159.65926
148 0 0.0
149 1 159.65926
150 0 0.0
150 1 159.65926
152 1 159.65926
153 0 0.0
155 1 159.65926
155 0 0.0
157 2 159.65926
157 0 0.0
158 0 0.0
158 1 159.65926
158 0 0.0
159 1 159.65926
159 1 159.65926
160 1 159.65926
160 1 159.65926
161 0 0.0
162 1 159.65926
165 0 0.0
168 1 159.65926
168 0 0.0
169 1 159.65926
171 2 159.65926
172 0 0.0
173 1 159.65926
174 4 159.65926
179 1 159.65926
179 1 159.65926
184 1 159.65926
186 0 0.0
186 0 0.0
186 0 0.0
186 0 0.0
186 1 159.65926
188 1 159.65926
189 1 159.65926
199 1 159.65926
200 1 159.65926
203 0 0.0
205 1 159.65926
206 4 159.65926
209 0 0.0
209 0 0.0
209 1 159.65926
210 1 159.65926
210 1 159.65926
210 1 159.65926
212 1 159.65926
215 0 0.0
217 1 159.65926
218 1 159.65926
220 3 159.65926
221 1 159.65926
222 0 0.0
222 1 159.65926
223 12 159.65926
223 1 159.65926
225 1 159.65926
227 9 159.65926
228 0 0.0
228 1 159.65926
228 1 159.65926
229 1 159.65926
231 1 159.65926
233 1 159.65926
233 1 159.65926
236 3 159.65926
238 1 159.65926
242 0 0.0
244 1 159.65926
249 1 159.65926
250 0 0.0
250 1 159.65926
250 0 0.0
253 0 0.0
255 0 0.0
257 1 159.65926
258 0 0.0
265 0 0.0
267 1 159.65926
268 0 0.0
270 1 159.65926
271 -1 159.65926
272 1 159.65926
272 1 159.65926
273 1 159.65926
276 0 0.0
277 0 0.0
284 1 159.65926
286 1 159.65926
287 1 159.65926
289 1 159.65926
297 0 0.0
299 0 0.0
300 0 0.0
307 1 159.65926
309 0 0.0
310 1 159.65926
311 1 159.65926
314 1 159.65926
320 1 159.65926
323 0 0.0
328 0 0.0
333 1 159.65926
340 7 159.65926
345 0 0.0
346 1 159.65926
349 1 159.65926
353 0 0.0
357 -1 159.65926
360 3 159.65926
387 1 159.65926
389 1 159.65926
390 2 159.65926
392 1 159.65926
392 1 159.65926
393 1 159.65926
394 2 159.65926
394 1 159.65926
395 -1 159.65926
395 -5 159.65926
396 1 159.65926
398 3 159.65926
399 1 159.65926
412 0 0.0
413 0 0.0
417 -1 159.65926
419 1 159.65926
422 2 159.65926
425 1 159.65926
428 1 159.65926
429 1 159.65926
430 1 159.65926
432 1 159.65926
432 0 0.0
432 2 159.65926
433 0 0.0
433 0 0.0
433 0 0.0
433 1 159.65926
433 0 0.0
433 0 0.0
433 0 0.0
433 0 0.0
433 0 0.0
433 0 0.0
433 0 0.0
433 0 0.0
433 0 0.0
434 1 159.65926
434 1 159.65926
434 0 0.0
434 0 0.0
434 1 159.65926
434 0 0.0
434 1 159.65926
435 1 159.65926
435 2 159.65926
435 1 159.65926
435 1 159.65926
435 1 159.65926
436 1 159.65926
436 1 159.65926
437 3 159.65926
437 1 159.65926
437 1 159.65926
437 1 159.65926
437 1 159.65926
437 1 159.65926
438 1 159.65926
438 1 159.65926
439 1 159.65926
439 1 159.65926
439 1 159.65926
439 1 159.65926
439 1 159.65926
440 1 159.65926
440 1 159.65926
440 1 159.65926
441 1 159.65926
442 1 159.65926
442 1 159.65926
442 1 159.65926
443 1 159.65926
443 1 159.65926
443 2 159.65926
444 1 159.65926
444 1 159.65926
444 1 159.65926
444 1 159.65926
444 1 159.65926
445 0 0.0
445 0 0.0
445 1 159.65926
445 1 159.65926
445 1 159.65926
445 1 159.65926
446 1 159.65926
446 1 159.65926
446 2 159.65926
446 -1 159.65926
446 1 159.65926
447 2 159.65926
447 1 159.65926
447 1 159.65926
447 1 159.65926
447 1 159.65926
448 2 159.65926
448 1 159.65926
448 1 159.65926
448 1 159.65926
448 2 159.65926
449 0 0.0
449 1 159.65926
449 1 159.65926
449 1 159.65926
449 1 159.65926
450 1 159.65926
450 2 159.65926
450 1 159.65926
450 1 159.65926
451 1 159.65926
451 1 159.65926
452 1 159.65926
452 1 159.65926
453 1 159.65926
453 1 159.65926
454 1 159.65926
454 2 159.65926
454 1 159.65926
454 1 159.65926
455 1 159.65926
455 1 159.65926
455 1 159.65926
455 1 159.65926
455 1 159.65926
455 1 159.65926
455 1 159.65926
456 1 159.65926
456 1 159.65926
456 2 159.65926
457 1 159.65926
457 1 159.65926
457 1 159.65926
457 1 159.65926
457 1 159.65926
457 1 159.65926
457 1 159.65926
458 1 159.65926
459 2 159.65926
459 2 159.65926
459 1 159.65926
460 1 159.65926
460 1 159.65926
461 1 159.65926
461 1 159.65926
462 1 159.65926
463 1 159.65926
463 1 159.65926
463 2 159.65926
464 1 159.65926
464 1 159.65926
464 2 159.65926
464 1 159.65926
465 -1 159.65926
467 1 159.65926
468 0 0.0
468 -1 159.65926
468 1 159.65926
468 1 159.65926
469 0 0.0
469 1 159.65926
469 0 0.0
469 0 0.0
469 1 159.65926
469 0 0.0
469 0 0.0
469 2 159.65926
469 1 159.65926
470 1 159.65926
470 0 0.0
470 1 159.65926
470 2 159.65926
470 1 159.65926
470 0 0.0
471 1 159.65926
471 1 159.65926
471 1 159.65926
472 0 0.0
472 0 0.0
473 1 159.65926
473 -1 159.65926
473 1 159.65926
474 1 159.65926
474 0 0.0
475 0 0.0
475 1 159.65926
476 1 159.65926
476 1 159.65926
476 0 0.0
476 1 159.65926
476 0 0.0
476 1 159.65926
476 1 159.65926
477 2 159.65926
477 1 159.65926
477 1 159.65926
478 1 159.65926
478 1 159.65926
478 1 159.65926
478 2 159.65926
478 1 159.65926
479 1 159.65926
479 1 159.65926
479 1 159.65926
479 1 159.65926
480 1 159.65926
481 1 159.65926
481 3 159.65926
482 1 159.65926
482 1 159.65926
482 1 159.65926
482 1 159.65926
482 -1 159.65926
482 2 159.65926
483 1 159.65926
483 3 159.65926
484 2 159.65926
485 3 159.65926
485 1 159.65926
485 1 159.65926
485 1 159.65926
485 2 159.65926
485 1 159.65926
486 1 159.65926
486 1 159.65926
486 0 0.0
486 1 159.65926
486 1 159.65926
487 1 159.65926
487 1 159.65926
487 1 159.65926
487 1 159.65926
487 0 0.0
488 1 159.65926
488 2 159.65926
488 1 159.65926
489 0 0.0
489 1 159.65926
489 1 159.65926
489 2 159.65926
489 0 0.0
489 1 159.65926
489 0 0.0
489 2 159.65926
489 1 159.65926
489 1 159.65926
490 1 159.65926
490 0 0.0
490 2 159.65926
490 1 159.65926
490 0 0.0
490 5 159.65926
490 1 159.65926
490 1 159.65926
490 1 159.65926
490 1 159.65926
491 3 159.65926
491 3 159.65926
491 1 159.65926
491 2 159.65926
491 1 159.65926
491 2 159.65926
491 11 159.65926
491 3 159.65926
491 1 159.65926
491 3 159.65926
492 3 159.65926
492 2 159.65926
492 2 159.65926
492 1 159.65926
492 2 159.65926
492 2 159.65926
492 1 159.65926
492 3 159.65926
492 5 159.65926
492 4 159.65926
492 2 159.65926
492 2 159.65926
492 1 159.65926
493 1 159.65926
493 3 159.65926
493 1 159.65926
493 1 159.65926
493 0 0.0
493 1 159.65926
493 1 159.65926
494 1 159.65926
494 1 159.65926
494 1 159.65926
495 1 159.65926
495 1 159.65926
495 2 159.65926
495 1 159.65926
495 1 159.65926
495 1 159.65926
495 3 159.65926
496 1 159.65926
496 1 159.65926
496 1 159.65926
496 1 159.65926
497 2 159.65926
498 1 159.65926
498 1 159.65926
498 1 159.65926
498 1 159.65926
499 1 159.65926
499 3 159.65926
499 1 159.65926
499 1 159.65926
499 1 159.65926
499 1 159.65926
500 2 159.65926
500 1 159.65926
500 1 159.65926
501 1 159.65926
501 2 159.65926
502 3 159.65926
502 1 159.65926
502 1 159.65926
502 1 159.65926
502 1 159.65926
503 1 159.65926
503 2 159.65926
503 1 159.65926
503 2 159.65926
504 0 0.0
504 2 159.65926
504 1 159.65926
504 0 0.0
505 1 159.65926
505 1 159.65926
505 1 159.65926
506 2 159.65926
506 1 159.65926
506 0 0.0
507 1 159.65926
507 1 159.65926
507 1 159.65926
507 1 159.65926
507 1 159.65926
508 1 159.65926
508 1 159.65926
508 1 159.65926
508 1 159.65926
509 1 159.65926
509 1 159.65926
509 3 159.65926
509 1 159.65926
510 2 159.65926
510 1 159.65926
510 2 159.65926
510 0 0.0
510 1 159.65926
511 1 159.65926
511 1 159.65926
511 1 159.65926
512 1 159.65926
513 1 159.65926
514 0 0.0
515 1 159.65926
515 1 159.65926
515 1 159.65926
517 1 159.65926
517 1 159.65926
518 1 159.65926
518 0 0.0
518 -1 159.65926
518 2 159.65926
519 1 159.65926
519 0 0.0
519 1 159.65926
519 2 159.65926
520 1 159.65926
522 2 159.65926
522 0 0.0
522 2 159.65926
522 0 0.0
522 0 0.0
522 0 0.0
522 1 159.65926
523 0 0.0
523 0 0.0
523 0 0.0
523 0 0.0
523 1 159.65926
523 0 0.0
523 3 159.65926
523 0 0.0
523 0 0.0
523 0 0.0
524 1 159.65926
524 0 0.0
524 0 0.0
525 1 159.65926
525 1 159.65926
525 0 0.0
526 1 159.65926
526 1 159.65926
527 1 159.65926
527 1 159.65926
527 1 159.65926
527 0 0.0
528 1 159.65926
528 1 159.65926
528 1 159.65926
528 1 159.65926
528 1 159.65926
528 1 159.65926
529 0 0.0
529 0 0.0
529 1 159.65926
529 1 159.65926
530 1 159.65926
530 2 159.65926
531 2 159.65926
531 1 159.65926
531 1 159.65926
531 1 159.65926
532 2 159.65926
532 1 159.65926
532 1 159.65926
532 2 159.65926
532 1 159.65926
533 1 159.65926
533 4 159.65926
533 1 159.65926
533 1 159.65926
533 1 159.65926
533 2 159.65926
533 2 159.65926
534 2 159.65926
534 1 159.65926
535 1 159.65926
535 1 159.65926
535 2 159.65926
535 1 159.65926
536 1 159.65926
536 1 159.65926
536 1 159.65926
536 2 159.65926
537 1 159.65926
537 1 159.65926
537 1 159.65926
538 1 159.65926
538 2 159.65926
538 1 159.65926
539 1 159.65926
539 1 159.65926
539 2 159.65926
540 1 159.65926
540 2 159.65926
540 1 159.65926
541 2 159.65926
541 1 159.65926
541 1 159.65926
541 1 159.65926
541 1 159.65926
541 2 159.65926
542 1 159.65926
542 1 159.65926
542 1 159.65926
542 2 159.65926
542 1 159.65926
542 1 159.65926
542 1 159.65926
543 0 0.0
543 0 0.0
543 0 0.0
543 0 0.0
543 0 0.0
543 0 0.0
543 0 0.0
543 0 0.0
543 3 159.65926
543 0 0.0
543 0 0.0
543 0 0.0
543 0 0.0
543 -1 159.65926
543 0 0.0
544 0 0.0
544 0 0.0
544 0 0.0
544 0 0.0
544 0 0.0
544 0 0.0
544 0 0.0
544 0 0.0
544 0 0.0
544 0 0.0
544 1 159.65926
544 0 0.0
544 0 0.0
544 0 0.0
545 2 159.65926
545 1 159.65926
545 1 159.65926
546 1 159.65926
546 1 159.65926
546 2 159.65926
546 1 159.65926
547 1 159.65926
547 1 159.65926
547 1 159.65926
548 1 159.65926
548 1 159.65926
548 1 159.65926
549 1 159.65926
549 1 159.65926
550 1 159.65926
550 1 159.65926
551 1 159.65926
551 1 159.65926
551 2 159.65926
552 1 159.65926
552 1 159.65926
552 1 159.65926
552 1 159.65926
553 1 159.65926
553 1 159.65926
553 1 159.65926
554 1 159.65926
554 1 159.65926
554 1 159.65926
554 1 159.65926
555 1 159.65926
555 1 159.65926
555 2 159.65926
555 2 159.65926
555 1 159.65926
555 1 159.65926
556 2 159.65926
556 1 159.65926
556 1 159.65926
556 2 159.65926
556 1 159.65926
556 2 159.65926
557 2 159.65926
557 1 159.65926
557 1 159.65926
557 1 159.65926
557 1 159.65926
557 1 159.65926
557 1 159.65926
558 1 159.65926
558 1 159.65926
559 1 159.65926
559 1 159.65926
560 1 159.65926
560 1 159.65926
561 1 159.65926
561 1 159.65926
561 1 159.65926
561 1 159.65926
561 -1 159.65926
561 1 159.65926
562 3 159.65926
562 1 159.65926
562 1 159.65926
562 1 159.65926
563 1 159.65926
563 1 159.65926
563 1 159.65926
564 1 159.65926
564 1 159.65926
564 2 159.65926
564 1 159.65926
565 1 159.65926
565 1 159.65926
565 0 0.0
566 1 159.65926
566 0 0.0
567 1 159.65926
567 1 159.65926
567 1 159.65926
567 1 159.65926
567 1 159.65926
568 3 159.65926
568 1 159.65926
568 1 159.65926
568 0 0.0
568 1 159.65926
569 1 159.65926
569 0 0.0
569 2 159.65926
570 1 159.65926
570 1 159.65926
570 1 159.65926
571 1 159.65926
571 1 159.65926
571 1 159.65926
571 1 159.65926
571 1 159.65926
571 1 159.65926
572 0 0.0
574 1 159.65926
574 2 159.65926
574 1 159.65926
574 1 159.65926
574 1 159.65926
575 1 159.65926
575 1 159.65926
576 1 159.65926
576 1 159.65926
577 1 159.65926
578 3 159.65926
578 1 159.65926
578 1 159.65926
579 0 0.0
579 0 0.0
579 0 0.0
579 0 0.0
579 0 0.0
579 0 0.0
579 0 0.0
580 1 159.65926
580 0 0.0
580 0 0.0
580 1 159.65926
580 1 159.65926
581 1 159.65926
581 1 159.65926
581 1 159.65926
581 1 159.65926
582 1 159.65926
582 1 159.65926
582 1 159.65926
582 1 159.65926
582 0 0.0
582 1 159.65926
582 0 0.0
583 1 159.65926
583 1 159.65926
583 1 159.65926
584 1 159.65926
584 1 159.65926
584 0 0.0
584 2 159.65926
584 3 159.65926
584 1 159.65926
585 1 159.65926
585 1 159.65926
586 1 159.65926
586 1 159.65926
586 0 0.0
586 1 159.65926
587 1 159.65926
587 1 159.65926
587 1 159.65926
587 1 159.65926
587 1 159.65926
587 1 159.65926
588 3 159.65926
588 1 159.65926
588 2 159.65926
588 1 159.65926
588 1 159.65926
588 0 0.0
588 1 159.65926
589 1 159.65926
589 1 159.65926
589 0 0.0
590 1 159.65926
590 1 159.65926
591 1 159.65926
591 1 159.65926
591 1 159.65926
591 1 159.65926
591 1 159.65926
591 1 159.65926
591 1 159.65926
591 1 159.65926
592 1 159.65926
592 1 159.65926
593 1 159.65926
593 1 159.65926
593 1 159.65926
593 2 159.65926
593 1 159.65926
594 2 159.65926
594 1 159.65926
594 1 159.65926
594 1 159.65926
594 1 159.65926
594 1 159.65926
595 5 159.65926
596 1 159.65926
596 1 159.65926
597 2 159.65926
597 1 159.65926
598 1 159.65926
598 2 159.65926
599 2 159.65926
599 2 159.65926
599 1 159.65926
599 1 159.65926
600 1 159.65926
600 -1 159.65926
600 0 0.0
600 1 159.65926
601 1 159.65926
601 2 159.65926
601 2 159.65926
601 1 159.65926
602 1 159.65926
602 2 159.65926
602 1 159.65926
603 1 159.65926
603 0 0.0
604 1 159.65926
604 1 159.65926
604 1 159.65926
604 1 159.65926
604 1 159.65926
604 1 159.65926
604 1 159.65926
604 1 159.65926
605 1 159.65926
605 1 159.65926
605 1 159.65926
605 1 159.65926
605 2 159.65926
605 1 159.65926
606 1 159.65926
606 1 159.65926
607 1 159.65926
607 2 159.65926
607 2 159.65926
607 0 0.0
607 0 0.0
608 1 159.65926
608 1 159.65926
608 1 159.65926
609 1 159.65926
609 0 0.0
609 0 0.0
609 0 0.0
609 2 159.65926
609 3 159.65926
609 0 0.0
609 1 159.65926
609 0 0.0
610 1 159.65926
610 0 0.0
610 1 159.65926
611 1 159.65926
611 2 159.65926
611 0 0.0
611 0 0.0
611 1 159.65926
612 0 0.0
612 1 159.65926
612 0 0.0
612 1 159.65926
612 0 0.0
612 2 159.65926
612 0 0.0
613 0 0.0
613 2 159.65926
613 0 0.0
613 1 159.65926
613 0 0.0
613 1 159.65926
613 0 0.0
614 1 159.65926
614 1 159.65926
614 2 159.65926
614 1 159.65926
614 1 159.65926
614 2 159.65926
615 2 159.65926
615 1 159.65926
615 1 159.65926
615 0 0.0
615 1 159.65926
615 1 159.65926
617 1 159.65926
617 1 159.65926
617 1 159.65926
617 1 159.65926
617 2 159.65926
618 3 159.65926
618 1 159.65926
619 1 159.65926
619 2 159.65926
620 1 159.65926
620 1 159.65926
621 1 159.65926
621 1 159.65926
621 2 159.65926
621 1 159.65926
622 1 159.65926
622 1 159.65926
622 4 159.65926
622 2 159.65926
623 1 159.65926
623 1 159.65926
623 1 159.65926
623 1 159.65926
624 1 159.65926
624 1 159.65926
624 -1 159.65926
625 1 159.65926
625 2 159.65926
625 2 159.65926
625 1 159.65926
625 0 0.0
625 0 0.0
625 1 159.65926
625 0 0.0
625 1 159.65926
626 1 159.65926
626 1 159.65926
626 1 159.65926
626 1 159.65926
626 1 159.65926
627 1 159.65926
627 1 159.65926
628 1 159.65926
628 1 159.65926
628 1 159.65926
628 2 159.65926
628 1 159.65926
628 2 159.65926
628 1 159.65926
629 1 159.65926
629 2 159.65926
629 1 159.65926
629 3 159.65926
629 1 159.65926
630 1 159.65926
630 1 159.65926
630 1 159.65926
630 1 159.65926
631 1 159.65926
631 1 159.65926
632 1 159.65926
632 1 159.65926
632 1 159.65926
633 1 159.65926
633 1 159.65926
633 1 159.65926
634 1 159.65926
634 1 159.65926
635 1 159.65926
635 1 159.65926
635 3 159.65926
635 1 159.65926
636 1 159.65926
636 3 159.65926
637 1 159.65926
637 1 159.65926
637 1 159.65926
637 1 159.65926
638 1 159.65926
638 1 159.65926
638 1 159.65926
638 1 159.65926
639 1 159.65926
639 0 0.0
639 0 0.0
639 1 159.65926
639 1 159.65926
640 0 0.0
640 0 0.0
640 0 0.0
640 1 159.65926
640 1 159.65926
640 0 0.0
640 1 159.65926
640 0 0.0
640 0 0.0
641 1 159.65926
641 1 159.65926
641 1 159.65926
641 0 0.0
641 1 159.65926
641 0 0.0
641 1 159.65926
642 0 0.0
642 2 159.65926
643 2 159.65926
643 2 159.65926
643 2 159.65926
643 1 159.65926
643 1 159.65926
643 1 159.65926
644 2 159.65926
644 1 159.65926
644 3 159.65926
644 1 159.65926
644 1 159.65926
644 1 159.65926
645 1 159.65926
645 2 159.65926
645 1 159.65926
645 1 159.65926
645 1 159.65926
646 1 159.65926
646 1 159.65926
646 1 159.65926
647 1 159.65926
647 0 0.0
647 0 0.0
647 1 159.65926
648 1 159.65926
648 1 159.65926
648 1 159.65926
649 1 159.65926
649 1 159.65926
649 1 159.65926
649 1 159.65926
650 1 159.65926
650 1 159.65926
650 1 159.65926
650 1 159.65926
650 2 159.65926
650 1 159.65926
651 1 159.65926
651 1 159.65926
651 1 159.65926
651 0 0.0
652 1 159.65926
652 1 159.65926
652 1 159.65926
652 1 159.65926
652 1 159.65926
653 1 159.65926
653 2 159.65926
653 1 159.65926
653 1 159.65926
653 1 159.65926
653 1 159.65926
653 1 159.65926
654 1 159.65926
654 1 159.65926
654 2 159.65926
654 2 159.65926
654 3 159.65926
654 2 159.65926
655 1 159.65926
655 1 159.65926
655 1 159.65926
656 1 159.65926
656 2 159.65926
656 1 159.65926
657 1 159.65926
657 1 159.65926
657 1 159.65926
657 1 159.65926
657 1 159.65926
658 1 159.65926
658 1 159.65926
658 1 159.65926
659 1 159.65926
659 1 159.65926
659 1 159.65926
659 1 159.65926
659 1 159.65926
660 2 159.65926
660 1 159.65926
660 1 159.65926
661 1 159.65926
661 1 159.65926
661 1 159.65926
661 1 159.65926
661 1 159.65926
662 1 159.65926
662 0 0.0
662 1 159.65926
663 2 159.65926
663 1 159.65926
663 1 159.65926
663 1 159.65926
663 3 159.65926
664 1 159.65926
664 2 159.65926
664 1 159.65926
664 3 159.65926
664 3 159.65926
664 1 159.65926
664 1 159.65926
664 2 159.65926
665 1 159.65926
665 1 159.65926
665 2 159.65926
665 1 159.65926
666 1 159.65926
666 1 159.65926
667 2 159.65926
667 1 159.65926
667 1 159.65926
667 2 159.65926
667 2 159.65926
668 1 159.65926
668 1 159.65926
668 0 0.0
668 1 159.65926
668 3 159.65926
669 2 159.65926
669 1 159.65926
669 2 159.65926
669 3 159.65926
669 2 159.65926
669 2 159.65926
670 1 159.65926
670 1 159.65926
670 1 159.65926
670 2 159.65926
670 1 159.65926
670 3 159.65926
670 3 159.65926
671 1 159.65926
671 1 159.65926
671 1 159.65926
671 1 159.65926
672 2 159.65926
673 2 159.65926
673 1 159.65926
673 1 159.65926
673 1 159.65926
673 1 159.65926
674 0 0.0
674 2 159.65926
674 0 0.0
674 0 0.0
674 0 0.0
674 1 159.65926
675 1 159.65926
675 0 0.0
675 1 159.65926
675 0 0.0
675 0 0.0
675 0 0.0
675 0 0.0
676 -1 159.65926
676 -1 159.65926
676 0 0.0
676 0 0.0
676 0 0.0
677 1 159.65926
677 2 159.65926
677 1 159.65926
678 1 159.65926
678 1 159.65926
678 1 159.65926
678 1 159.65926
678 3 159.65926
678 0 0.0
678 1 159.65926
678 1 159.65926
679 1 159.65926
679 1 159.65926
679 1 159.65926
680 1 159.65926
680 1 159.65926
680 1 159.65926
680 1 159.65926
680 2 159.65926
680 2 159.65926
680 1 159.65926
680 1 159.65926
681 1 159.65926
681 1 159.65926
681 1 159.65926
681 1 159.65926
681 1 159.65926
682 1 159.65926
682 1 159.65926
682 4 159.65926
682 1 159.65926
682 2 159.65926
682 1 159.65926
683 1 159.65926
683 2 159.65926
683 1 159.65926
683 1 159.65926
683 1 159.65926
683 1 159.65926
683 1 159.65926
683 1 159.65926
683 1 159.65926
683 1 159.65926
684 2 159.65926
684 1 159.65926
684 1 159.65926
684 1 159.65926
685 0 0.0
685 1 159.65926
685 1 159.65926
685 2 159.65926
685 0 0.0
685 1 159.65926
685 1 159.65926
686 1 159.65926
686 1 159.65926
686 1 159.65926
687 1 159.65926
687 1 159.65926
687 2 159.65926
687 1 159.65926
687 2 159.65926
687 1 159.65926
687 1 159.65926
687 1 159.65926
687 1 159.65926
687 0 0.0
688 1 159.65926
688 1 159.65926
689 1 159.65926
689 1 159.65926
689 2 159.65926
689 1 159.65926
690 1 159.65926
690 3 159.65926
690 1 159.65926
690 2 159.65926
690 1 159.65926
690 2 159.65926
691 4 159.65926
691 -1 159.65926
691 1 159.65926
691 1 159.65926
692 2 159.65926
692 1 159.65926
692 1 159.65926
693 1 159.65926
693 1 159.65926
693 1 159.65926
693 1 159.65926
693 2 159.65926
693 3 159.65926
693 1 159.65926
694 1 159.65926
694 1 159.65926
694 1 159.65926
694 1 159.65926
695 1 159.65926
695 1 159.65926
695 2 159.65926
695 1 159.65926
695 1 159.65926
695 1 159.65926
695 3 159.65926
696 1 159.65926
696 1 159.65926
696 1 159.65926
696 1 159.65926
696 1 159.65926
696 1 159.65926
696 3 159.65926
697 1 159.65926
697 0 0.0
697 3 159.65926
697 2 159.65926
697 2 159.65926
697 2 159.65926
698 1 159.65926
698 1 159.65926
698 1 159.65926
698 1 159.65926
698 5 159.65926
698 -1 159.65926
698 1 159.65926
698 1 159.65926
698 2 159.65926
698 3 159.65926
699 0 0.0
699 1 159.65926
699 2 159.65926
699 0 0.0
699 1 159.65926
699 2 159.65926
699 1 159.65926
699 1 159.65926
699 1 159.65926
700 0 0.0
700 1 159.65926
700 0 0.0
700 2 159.65926
700 1 159.65926
700 1 159.65926
701 1 159.65926
701 -1 159.65926
701 1 159.65926
701 1 159.65926
702 3 159.65926
702 1 159.65926
702 1 159.65926
702 0 0.0
702 1 159.65926
702 1 159.65926
703 1 159.65926
703 3 159.65926
703 1 159.65926
703 1 159.65926
703 0 0.0
703 0 0.0
703 0 0.0
703 2 159.65926
703 1 159.65926
703 1 159.65926
703 1 159.65926
704 1 159.65926
704 1 159.65926
704 2 159.65926
704 2 159.65926
704 0 0.0
704 1 159.65926
704 1 159.65926
704 2 159.65926
704 1 159.65926
704 1 159.65926
705 3 159.65926
705 1 159.65926
705 1 159.65926
705 1 159.65926
705 2 159.65926
705 0 0.0
705 3 159.65926
705 1 159.65926
705 1 159.65926
705 1 159.65926
706 1 159.65926
706 -1 159.65926
706 1 159.65926
706 1 159.65926
706 2 159.65926
706 0 0.0
706 1 159.65926
706 1 159.65926
706 0 0.0
706 1 159.65926
707 1 159.65926
707 1 159.65926
707 1 159.65926
707 1 159.65926
707 1 159.65926
708 1 159.65926
708 2 159.65926
708 1 159.65926
708 1 159.65926
708 3 159.65926
709 1 159.65926
709 1 159.65926
709 1 159.65926
709 2 159.65926
709 1 159.65926
709 0 0.0
709 1 159.65926
709 1 159.65926
709 0 0.0
710 2 159.65926
710 1 159.65926
710 2 159.65926
710 1 159.65926
710 1 159.65926
710 0 0.0
710 1 159.65926
711 1 159.65926
711 2 159.65926
711 1 159.65926
711 2 159.65926
711 1 159.65926
711 1 159.65926
711 1 159.65926
712 2 159.65926
712 1 159.65926
712 1 159.65926
712 2 159.65926
712 1 159.65926
712 1 159.65926
712 2 159.65926
713 3 159.65926
713 1 159.65926
713 1 159.65926
714 2 159.65926
714 1 159.65926
714 1 159.65926
714 1 159.65926
714 1 159.65926
715 1 159.65926
715 1 159.65926
715 1 159.65926
715 1 159.65926
715 1 159.65926
715 1 159.65926
716 1 159.65926
716 1 159.65926
716 1 159.65926
716 1 159.65926
717 1 159.65926
717 1 159.65926
717 1 159.65926
717 1 159.65926
717 0 0.0
717 1 159.65926
717 1 159.65926
717 0 0.0
718 1 159.65926
718 4 159.65926
718 1 159.65926
718 1 159.65926
718 1 159.65926
718 3 159.65926
718 1 159.65926
718 1 159.65926
718 0 0.0
719 2 159.65926
719 1 159.65926
719 4 159.65926
719 1 159.65926
719 1 159.65926
719 2 159.65926
719 1 159.65926
720 2 159.65926
720 1 159.65926
720 1 159.65926
720 1 159.65926
720 2 159.65926
720 3 159.65926
720 1 159.65926
720 1 159.65926
720 1 159.65926
721 1 159.65926
721 1 159.65926
721 2 159.65926
721 1 159.65926
721 1 159.65926
721 1 159.65926
721 1 159.65926
722 1 159.65926
722 1 159.65926
722 1 159.65926
722 2 159.65926
723 0 0.0
723 1 159.65926
723 2 159.65926
723 1 159.65926
723 2 159.65926
723 1 159.65926
723 2 159.65926
724 1 159.65926
724 1 159.65926
724 2 159.65926
725 2 159.65926
725 1 159.65926
725 1 159.65926
725 4 159.65926
725 3 159.65926
725 1 159.65926
730 2 159.65926
730 1 159.65926
730 1 159.65926
730 2 159.65926
730 3 159.65926
731 2 159.65926
731 1 159.65926
731 1 159.65926
731 2 159.65926
731 1 159.65926
731 1 159.65926
731 1 159.65926
732 -1 159.65926
732 0 0.0
732 3 159.65926
732 1 159.65926
733 1 159.65926
733 1 159.65926
733 2 159.65926
734 2 159.65926
734 -1 159.65926
734 1 159.65926
734 0 0.0
735 1 159.65926
735 2 159.65926
735 1 159.65926
735 1 159.65926
736 1 159.65926
736 2 159.65926
736 2 159.65926
737 1 159.65926
737 2 159.65926
737 1 159.65926
737 1 159.65926
737 -1 159.65926
738 1 159.65926
738 1 159.65926
738 1 159.65926
739 2 159.65926
739 1 159.65926
739 3 159.65926
740 1 159.65926
740 0 0.0
740 2 159.65926
740 1 159.65926
740 1 159.65926
741 1 159.65926
741 1 159.65926
741 0 0.0
742 1 159.65926
742 1 159.65926
742 0 0.0
742 0 0.0
742 1 159.65926
743 0 0.0
743 0 0.0
743 0 0.0
743 1 159.65926
743 0 0.0
744 2 159.65926
744 2 159.65926
744 1 159.65926
745 1 159.65926
745 0 0.0
745 0 0.0
745 0 0.0
745 0 0.0
745 0 0.0
745 0 0.0
745 0 0.0
745 1 159.65926
745 1 159.65926
745 1 159.65926
745 0 0.0
745 0 0.0
746 1 159.65926
746 2 159.65926
746 1 159.65926
746 1 159.65926
746 1 159.65926
746 1 159.65926
746 1 159.65926
746 1 159.65926
747 1 159.65926
747 1 159.65926
747 1 159.65926
747 -1 159.65926
747 1 159.65926
747 2 159.65926
747 1 159.65926
747 1 159.65926
747 1 159.65926
748 1 159.65926
748 2 159.65926
748 1 159.65926
748 1 159.65926
748 1 159.65926
748 1 159.65926
749 1 159.65926
749 1 159.65926
749 1 159.65926
749 1 159.65926
749 1 159.65926
749 3 159.65926
750 1 159.65926
750 1 159.65926
750 1 159.65926
750 2 159.65926
750 1 159.65926
750 3 159.65926
750 1 159.65926
751 3 159.65926
751 1 159.65926
751 1 159.65926
751 4 159.65926
751 4 159.65926
751 3 159.65926
751 1 159.65926
751 2 159.65926
751 1 159.65926
752 2 159.65926
752 1 159.65926
752 1 159.65926
752 0 0.0
752 2 159.65926
752 2 159.65926
753 1 159.65926
753 3 159.65926
753 1 159.65926
753 1 159.65926
753 1 159.65926
753 2 159.65926
753 1 159.65926
753 1 159.65926
754 2 159.65926
754 1 159.65926
754 2 159.65926
754 1 159.65926
754 1 159.65926
754 1 159.65926
754 3 159.65926
754 2 159.65926
754 2 159.65926
754 1 159.65926
755 1 159.65926
755 1 159.65926
755 1 159.65926
755 1 159.65926
755 1 159.65926
755 2 159.65926
756 1 159.65926
756 2 159.65926
756 2 159.65926
756 1 159.65926
756 2 159.65926
756 1 159.65926
756 1 159.65926
757 1 159.65926
757 3 159.65926
757 1 159.65926
757 2 159.65926
757 1 159.65926
757 1 159.65926
757 1 159.65926
757 1 159.65926
757 3 159.65926
758 2 159.65926
758 5 159.65926
758 1 159.65926
758 1 159.65926
758 1 159.65926
758 1 159.65926
758 1 159.65926
758 1 159.65926
758 3 159.65926
758 1 159.65926
758 2 159.65926
758 1 159.65926
758 2 159.65926
759 1 159.65926
759 1 159.65926
759 2 159.65926
759 1 159.65926
759 2 159.65926
759 1 159.65926
759 1 159.65926
759 1 159.65926
760 1 159.65926
760 1 159.65926
760 1 159.65926
