146 0 0.0
146 0 0.0
147 0 0.0
147 0 0.0
147 0 0.0
147 0 0.0
147 0 0.0
147 0 0.0
147 0 0.0
147 0 0.0
147 0 0.0
148 0 0.0
148 0 0.0
148 1 8.855499
148 2 10.4242525
148 0 0.0
148 0 0.0
148 0 0.0
148 0 0.0
148 0 0.0
148 0 0.0
148 0 0.0
149 3 10.4242525
149 1 10.4242525
149 1 10.4242525
150 2 10.4242525
150 1 10.4242525
150 3 10.4242525
150 1 10.4242525
150 1 10.4242525
150 1 10.4242525
150 2 10.4242525
150 1 10.4242525
151 2 10.4242525
151 1 10.4242525
151 1 10.4242525
152 3 10.4242525
152 2 10.4242525
152 1 10.412885
152 1 10.4242525
152 1 10.4242525
153 1 10.4242525
153 1 10.4242525
153 2 10.4242525
153 1 10.4242525
153 2 10.4242525
153 1 10.4242525
154 3 10.4242525
154 1 10.4242525
154 1 10.4242525
154 1 10.4242525
154 2 10.4242525
154 1 10.4242525
155 2 10.4242525
155 1 10.4242525
155 1 10.4242525
155 1 10.4242525
155 2 10.4242525
155 2 10.4242525
155 1 10.412885
155 1 10.4242525
155 1 10.4242525
156 2 10.4242525
156 1 10.4242525
156 1 10.4242525
156 2 10.4242525
156 1 10.4242525
157 1 10.4242525
157 2 10.4242525
158 1 10.4242525
158 0 0.0
158 1 10.4242525
159 1 10.4242525
159 1 10.4242525
159 1 10.4242525
159 2 10.4242525
159 1 10.4242525
160 1 10.4242525
160 0 0.0
160 1 10.412885
160 0 0.0
160 1 8.79866
160 1 10.4242525
160 1 10.4242525
160 1 10.4242525
161 2 10.4242525
161 1 10.4242525
161 1 10.4242525
162 1 10.4242525
162 1 10.4242525
162 1 10.4242525
162 1 10.4242525
162 1 10.4242525
162 1 10.4242525
162 1 10.4242525
163 1 10.4242525
163 1 10.4242525
163 1 10.4242525
163 1 10.4242525
163 1 10.4242525
164 1 10.4242525
164 1 10.4242525
164 1 10.4242525
164 1 10.4242525
165 1 10.4242525
166 1 10.4242525
166 1 10.4242525
166 1 10.4242525
166 1 10.4242525
166 1 10.4242525
166 2 10.4242525
166 2 10.4242525
167 1 10.4242525
167 1 10.4242525
168 2 10.4242525
169 1 10.4242525
169 1 10.4242525
170 1 10.4242525
170 1 10.4242525
171 0 0.0
171 0 0.0
171 1 10.4242525
171 0 0.0
171 1 10.4242525
172 1 10.4242525
172 0 0.0
172 1 10.412885
173 1 10.4242525
173 2 10.4242525
173 1 10.412885
173 1 10.4242525
173 1 10.4242525
173 0 0.0
173 1 10.412885
174 2 10.4242525
174 1 10.4242525
174 1 10.4242525
174 2 10.4242525
175 1 10.4242525
175 1 10.4242525
175 1 10.4242525
175 1 10.4242525
176 1 10.4242525
176 1 10.4242525
176 1 10.4242525
177 2 10.4242525
177 1 10.4242525
177 1 10.4242525
177 1 10.4242525
178 1 10.4242525
178 1 10.4242525
178 1 10.4242525
179 1 10.4242525
180 1 10.4242525
180 1 10.4242525
180 1 10.4242525
180 1 10.4242525
181 1 10.412885
182 2 10.4242525
182 1 10.4242525
183 1 10.4242525
184 1 10.4242525
184 1 10.4242525
184 1 10.4242525
184 2 10.4242525
184 1 10.4242525
184 2 10.4242525
185 1 10.412885
185 1 10.4242525
186 1 10.4242525
186 1 10.4242525
186 1 10.412885
186 1 10.4242525
186 1 10.4242525
187 1 10.4242525
187 2 10.4242525
187 1 10.4242525
187 2 10.4242525
188 1 10.4242525
188 1 10.4242525
188 1 10.4242525
188 1 10.4242525
189 1 10.4242525
189 1 10.4242525
189 1 10.4242525
189 1 10.4242525
190 1 10.4242525
190 1 10.4242525
190 2 10.4242525
191 1 10.4242525
191 1 10.4242525
191 2 10.4242525
192 1 10.4242525
192 1 10.4242525
193 1 10.412885
193 4 10.4242525
193 1 10.4242525
193 1 10.4242525
194 1 10.412885
194 1 10.4242525
194 1 10.4242525
195 1 10.4242525
195 2 10.4242525
195 1 10.4242525
196 1 10.4242525
196 1 10.4242525
198 1 10.4242525
199 0 0.0
199 0 0.0
199 1 10.4242525
199 0 0.0
199 0 0.0
199 1 10.4242525
199 1 10.412885
200 1 10.4242525
200 2 10.412885
200 1 10.4242525
200 0 0.0
200 0 0.0
200 0 0.0
201 1 10.4242525
201 1 10.4242525
201 0 0.0
201 2 10.4242525
203 1 10.412885
203 1 10.4242525
203 1 10.4242525
204 1 10.4242525
205 1 10.4242525
206 1 10.412885
206 1 10.4242525
206 2 10.4242525
206 1 10.4242525
206 1 10.4242525
208 1 10.4242525
209 1 10.4242525
209 2 10.4242525
209 1 10.4242525
209 1 10.4242525
209 2 10.4242525
209 1 10.4242525
209 1 10.4242525
210 2 10.4242525
210 1 10.412885
210 1 10.4242525
210 2 10.4242525
211 1 10.4242525
211 1 10.412885
212 0 0.0
213 1 10.4242525
215 1 10.4242525
215 1 10.412885
216 1 10.4242525
216 1 10.4242525
216 1 10.4242525
217 1 10.4242525
217 2 10.4242525
217 1 10.4242525
218 2 10.4242525
218 1 10.412885
218 1 10.4242525
219 4 10.4242525
219 1 10.4242525
219 1 10.4242525
220 1 10.4242525
220 1 10.4242525
220 4 10.4242525
220 1 10.4242525
221 1 10.4242525
221 1 10.4242525
221 1 10.4242525
221 1 10.4242525
222 1 10.4242525
223 1 10.4242525
223 1 10.4242525
224 1 10.4242525
224 1 10.4242525
224 1 10.4242525
225 2 10.4242525
225 1 10.4242525
225 1 10.4242525
226 2 10.412885
226 1 10.412885
227 1 10.4242525
228 1 10.4242525
228 1 10.4242525
228 1 10.4242525
229 0 0.0
230 1 10.4242525
230 1 10.4242525
230 1 10.4242525
231 1 10.4242525
231 1 10.4242525
232 1 10.4242525
232 1 10.4242525
233 3 10.4242525
233 3 10.4242525
234 1 10.4242525
235 1 10.4242525
235 1 10.4242525
236 1 10.4242525
236 1 10.4242525
237 1 10.4242525
237 1 10.4242525
237 1 10.4242525
238 1 10.4242525
238 1 10.4242525
238 2 10.4242525
238 1 10.4242525
239 1 10.4242525
240 1 10.4242525
240 2 10.4242525
240 0 0.0
240 1 10.4242525
241 2 10.4242525
241 1 10.4242525
241 1 10.4242525
241 1 10.4242525
241 3 10.4242525
241 1 10.4242525
242 0 0.0
242 1 10.4242525
242 0 0.0
242 0 0.0
243 2 10.4242525
243 2 10.4242525
243 0 0.0
243 0 0.0
243 0 0.0
243 0 0.0
244 1 10.4242525
244 1 10.4242525
244 0 0.0
244 1 10.4242525
245 1 10.4242525
245 1 10.4242525
247 1 10.4242525
247 1 10.4242525
247 1 10.4242525
248 1 10.4242525
248 1 10.4242525
248 1 10.4242525
248 1 10.4242525
248 1 10.412885
249 0 0.0
249 1 10.4242525
251 1 10.4242525
251 2 10.4242525
253 1 10.4242525
253 2 10.4242525
253 1 10.4242525
253 0 0.0
254 1 10.4242525
254 1 10.4242525
254 1 10.4242525
255 0 0.0
255 0 0.0
255 1 10.4242525
255 0 0.0
256 0 0.0
256 0 0.0
256 0 0.0
257 1 10.4242525
257 1 10.4242525
257 1 10.4242525
258 1 10.4242525
259 1 10.4242525
259 1 10.4242525
260 1 10.4242525
261 1 10.4242525
261 1 10.4242525
261 1 10.4242525
261 1 10.4242525
262 1 10.4242525
262 1 10.4242525
263 2 10.4242525
264 1 10.4242525
264 1 10.412885
264 1 10.4242525
265 1 10.4242525
265 2 10.4242525
265 1 10.412885
265 1 10.4242525
266 1 10.4242525
266 2 10.4242525
266 2 10.4242525
266 2 10.4242525
266 1 10.4242525
266 1 10.4242525
267 1 10.4242525
267 1 10.412885
267 1 10.4242525
267 1 10.4242525
267 1 10.4242525
267 1 10.4242525
268 0 0.0
268 0 0.0
268 0 0.0
268 0 0.0
268 1 10.4242525
269 0 0.0
269 0 0.0
270 0 0.0
270 1 10.4242525
270 3 10.4242525
270 1 10.4242525
270 1 10.4242525
270 1 10.4242525
270 0 0.0
270 1 10.4242525
270 0 0.0
271 1 10.4242525
272 1 10.4242525
272 1 10.4242525
272 1 10.412885
272 1 10.4242525
272 2 10.4242525
272 1 10.4242525
273 1 10.4242525
273 3 10.4242525
273 2 10.4242525
273 1 10.4242525
273 1 10.4242525
273 1 10.4242525
275 1 10.4242525
275 1 10.4242525
275 1 10.4242525
275 2 10.4242525
275 2 10.4242525
276 1 10.4242525
276 1 10.4242525
276 2 10.4242525
277 2 10.4242525
277 1 10.4242525
278 1 10.412885
278 2 10.4242525
278 1 10.4242525
279 1 10.4242525
279 1 10.4242525
279 1 10.4242525
279 1 10.4242525
279 1 10.4242525
280 3 10.4242525
280 1 10.4242525
281 1 10.4242525
282 1 10.4242525
282 1 10.4242525
283 0 0.0
283 0 0.0
283 0 0.0
284 1 10.4242525
284 0 0.0
284 0 0.0
284 1 10.4242525
284 1 10.4242525
284 0 0.0
284 0 0.0
285 0 0.0
285 1 10.412885
285 0 0.0
286 1 10.4242525
286 1 10.412885
287 1 10.4242525
287 1 10.4242525
287 1 10.4242525
288 1 10.4242525
288 0 0.0
288 2 10.4242525
288 0 0.0
288 0 0.0
289 1 10.4242525
289 0 0.0
290 1 10.4242525
290 2 10.4242525
290 1 10.4242525
291 1 10.4242525
291 1 10.4242525
291 1 10.4242525
291 1 10.4242525
291 1 10.4242525
292 3 10.4242525
293 1 10.4242525
293 1 10.412885
293 2 10.4242525
293 1 10.4242525
293 1 10.4242525
294 3 10.4242525
294 1 10.4242525
294 1 10.4242525
294 2 10.4242525
294 1 10.4242525
295 0 0.0
295 0 0.0
295 0 0.0
295 1 10.4242525
295 0 0.0
296 0 0.0
296 0 0.0
296 2 10.4242525
296 0 0.0
296 0 0.0
297 1 10.4242525
297 1 10.4242525
297 1 10.4242525
298 1 10.4242525
298 2 10.4242525
298 1 10.4242525
298 1 10.4242525
299 1 10.4242525
299 1 10.412885
299 1 10.412885
299 1 10.4242525
299 1 10.4242525
299 1 10.4242525
300 1 10.4242525
300 1 10.4242525
300 1 10.4242525
300 1 10.4242525
300 1 10.4242525
300 1 10.4242525
300 2 10.4242525
300 1 10.4242525
301 1 10.4242525
302 1 10.4242525
303 2 10.4242525
304 1 10.4242525
304 1 10.4242525
304 2 10.4242525
305 1 10.4242525
305 1 10.4242525
305 1 10.4242525
306 3 10.4242525
306 2 10.4242525
306 1 10.4242525
306 1 10.4242525
306 2 10.4242525
306 2 10.4242525
307 1 10.4242525
307 2 10.4242525
307 1 10.412885
308 0 0.0
308 0 0.0
308 1 10.4242525
308 1 10.4242525
308 2 10.4242525
309 0 0.0
309 1 10.4242525
309 0 0.0
309 0 0.0
309 0 0.0
309 0 0.0
310 0 0.0
310 1 10.4242525
310 0 0.0
310 1 10.4242525
310 0 0.0
310 0 0.0
311 1 10.4242525
311 1 10.4242525
312 1 10.4242525
313 1 10.4242525
313 2 10.4242525
313 1 10.4242525
314 1 10.4242525
314 1 10.4242525
314 1 10.4242525
316 1 10.4242525
316 1 10.4242525
317 1 10.4242525
319 1 10.4242525
319 1 10.4242525
320 1 10.4242525
320 1 10.4242525
320 1 10.4242525
321 4 10.4242525
321 1 10.4242525
321 1 10.4242525
321 1 10.4242525
322 1 10.4242525
322 2 10.4242525
322 2 10.4242525
323 1 10.4242525
323 1 10.4242525
323 1 10.4242525
323 0 0.0
323 0 0.0
323 0 0.0
323 0 0.0
324 2 10.4242525
324 0 0.0
324 0 0.0
325 1 10.4242525
325 2 10.4242525
325 1 10.4242525
326 1 10.4242525
326 1 10.4242525
326 1 10.4242525
326 1 10.4242525
327 1 10.4242525
328 1 10.4242525
328 2 10.4242525
328 1 10.4242525
329 0 0.0
330 1 10.4242525
330 1 10.4242525
331 1 10.4242525
331 1 10.4242525
331 1 10.4242525
332 1 10.4242525
332 1 10.4242525
333 1 10.4242525
333 1 10.4242525
333 1 10.4242525
333 2 10.4242525
333 1 10.412885
334 1 10.412885
334 1 10.4242525
334 1 10.4242525
334 2 10.4242525
334 1 10.4242525
334 1 10.4242525
335 3 10.4242525
335 1 10.4242525
335 2 10.4242525
335 1 10.4242525
335 1 10.4242525
336 0 0.0
336 0 0.0
336 0 0.0
336 0 0.0
337 1 10.4242525
337 0 0.0
337 1 10.4242525
338 0 0.0
338 0 0.0
338 0 0.0
338 0 0.0
339 1 10.412885
340 1 10.4242525
341 1 10.4242525
341 21 10.4242525
341 1 10.4242525
341 1 10.4242525
341 1 10.4242525
342 1 10.4242525
342 2 10.4242525
343 1 10.4242525
343 1 10.4242525
343 1 10.4242525
345 1 10.4242525
345 1 10.4242525
346 1 10.4242525
346 1 10.412885
346 1 10.4242525
346 1 10.4242525
347 1 10.4242525
348 1 10.4242525
348 1 10.4242525
348 1 10.4242525
348 1 10.4242525
348 1 10.4242525
348 1 10.4242525
349 1 10.412885
349 1 10.4242525
349 1 10.4242525
349 1 10.4242525
349 1 10.4242525
350 0 0.0
350 0 0.0
350 1 10.4242525
351 1 10.4242525
351 0 0.0
351 1 10.4242525
351 0 0.0
351 2 10.4242525
351 0 0.0
351 0 0.0
352 2 10.4242525
352 0 0.0
352 1 10.4242525
352 1 10.4242525
352 1 10.4242525
352 0 0.0
353 2 10.4242525
353 1 10.4242525
353 2 10.4242525
353 1 10.4242525
354 1 10.4242525
354 1 10.4242525
354 1 10.4242525
354 1 10.4242525
354 1 8.855499
354 1 10.4242525
355 1 10.4242525
355 1 10.4242525
355 1 10.4242525
355 2 9.355681
355 1 10.412885
356 1 10.4242525
356 1 10.4242525
356 1 10.4242525
356 1 10.4242525
356 1 10.4242525
357 1 10.4242525
357 1 10.4242525
357 1 10.4242525
358 3 10.4242525
358 1 10.4242525
359 1 10.4242525
359 2 10.4242525
360 1 10.4242525
360 1 10.4242525
360 1 10.4242525
360 1 10.4242525
360 3 10.4242525
365 1 10.4242525
365 0 0.0
365 1 10.4242525
365 0 0.0
365 0 0.0
365 0 0.0
365 1 10.4242525
365 0 0.0
365 1 10.4242525
365 0 0.0
365 0 0.0
365 0 0.0
365 0 0.0
365 0 0.0
365 0 0.0
365 0 0.0
365 0 0.0
365 0 0.0
365 0 0.0
366 2 10.4242525
366 1 10.4242525
366 1 10.4242525
366 1 10.4242525
366 2 10.4242525
367 1 10.4242525
367 1 10.4242525
367 1 10.4242525
369 1 10.4242525
370 1 10.412885
370 1 10.4242525
371 1 10.4242525
371 1 10.4242525
371 2 10.4242525
371 1 10.4242525
372 1 10.4242525
372 1 10.4242525
372 1 10.4242525
373 1 10.4242525
373 1 10.4242525
374 1 10.4242525
377 1 10.4242525
377 1 10.4242525
377 1 10.4242525
378 1 10.4242525
378 1 10.4242525
380 1 10.4242525
380 1 10.4242525
381 1 10.4242525
381 1 10.412885
382 0 0.0
382 0 0.0
382 1 10.4242525
383 0 0.0
383 0 0.0
383 0 0.0
383 1 10.4242525
383 0 0.0
384 1 10.4242525
384 1 10.4242525
384 0 0.0
384 0 0.0
385 1 10.4242525
385 0 0.0
386 1 10.4242525
387 1 10.4242525
387 1 10.4242525
388 1 10.4242525
388 1 10.4242525
388 1 10.4242525
389 1 10.4242525
390 1 10.4242525
390 1 10.4242525
391 1 10.4242525
391 1 10.4242525
391 1 10.4242525
392 1 10.4242525
392 1 10.4242525
392 1 10.4242525
392 1 10.4242525
393 1 10.4242525
394 1 10.4242525
394 2 10.4242525
394 2 10.4242525
395 1 10.4242525
395 1 10.4242525
395 1 10.4242525
396 1 10.4242525
396 2 10.4242525
397 0 0.0
397 0 0.0
397 1 10.4242525
398 1 10.4242525
398 1 10.4242525
398 0 0.0
398 0 0.0
398 0 0.0
399 0 0.0
399 0 0.0
399 0 0.0
399 1 10.412885
400 1 10.4242525
400 0 0.0
400 1 10.4242525
400 1 10.412885
400 1 10.4242525
402 1 10.4242525
402 1 10.4242525
402 1 10.4242525
402 0 0.0
403 1 10.412885
403 1 10.4242525
403 1 10.4242525
404 1 10.412885
404 1 10.4242525
405 1 10.4242525
406 1 10.4242525
407 1 10.4242525
407 1 10.4242525
407 1 10.4242525
407 1 10.4242525
408 1 10.4242525
408 1 10.4242525
408 1 10.412885
408 1 10.412885
409 0 0.0
409 0 0.0
410 1 10.4242525
410 0 0.0
412 1 10.4242525
412 1 10.4242525
413 1 10.4242525
413 1 10.4242525
414 1 10.4242525
414 1 10.4242525
415 2 10.4242525
415 1 10.4242525
416 1 10.4242525
417 1 10.4242525
418 1 10.4242525
420 1 10.4242525
420 1 10.4242525
421 1 10.4242525
421 1 10.4242525
421 1 10.4242525
421 2 10.4242525
421 1 10.4242525
422 1 10.412885
422 1 10.4242525
425 1 10.4242525
425 0 0.0
425 1 10.412885
426 0 0.0
427 0 0.0
427 0 0.0
427 0 0.0
428 1 10.412885
428 1 10.4242525
429 1 10.4242525
429 2 10.4242525
429 1 10.4242525
430 2 10.4242525
432 1 10.4242525
432 1 10.4242525
433 1 10.4242525
435 1 10.4242525
436 1 10.412885
437 1 10.4242525
438 1 10.4242525
438 0 0.0
439 1 10.4242525
439 1 10.4242525
439 0 0.0
439 1 10.4242525
440 0 0.0
441 1 10.4242525
441 0 0.0
443 1 10.4242525
443 1 10.4242525
444 1 10.4242525
445 2 10.4242525
447 1 10.4242525
447 1 10.4242525
450 1 10.4242525
450 1 10.4242525
451 1 10.412885
451 1 10.4242525
451 1 10.4242525
453 1 10.4242525
455 1 10.4242525
456 2 10.4242525
456 1 10.4242525
457 1 10.4242525
457 1 10.4242525
457 1 10.4242525
459 1 10.412885
459 1 10.412885
459 1 10.4242525
459 1 10.4242525
460 1 10.4242525
461 1 10.4242525
461 1 10.4242525
462 1 10.4242525
463 1 10.4242525
464 3 10.4242525
464 1 10.4242525
464 1 10.4242525
464 1 10.4242525
465 1 10.4242525
470 4 10.4242525
474 0 0.0
474 1 10.4242525
475 1 10.4242525
475 0 0.0
477 1 10.4242525
478 1 10.4242525
478 1 10.4242525
479 0 0.0
480 1 10.4242525
481 1 10.412885
481 1 10.4242525
483 3 10.412885
484 1 10.4242525
485 1 10.4242525
486 0 0.0
487 1 10.4242525
489 0 0.0
489 0 0.0
490 1 10.4242525
490 1 10.4242525
491 2 10.4242525
491 1 10.4242525
493 1 10.4242525
495 1 10.4242525
497 1 10.4242525
497 1 10.4242525
498 1 10.4242525
499 1 10.412885
499 1 10.4242525
499 1 10.4242525
501 1 10.4242525
501 0 0.0
501 1 10.4242525
502 1 10.4242525
502 0 0.0
503 1 10.4242525
504 1 10.4242525
506 1 10.4242525
506 1 10.4242525
506 1 10.4242525
508 1 10.4242525
508 0 0.0
510 1 10.4242525
512 1 10.4242525
513 1 10.4242525
513 2 10.4242525
513 1 10.4242525
514 1 10.4242525
515 1 10.4242525
515 1 10.4242525
515 1 10.4242525
515 1 10.4242525
516 1 10.4242525
517 1 10.4242525
517 2 10.4242525
518 1 10.4242525
518 1 10.4242525
520 1 10.4242525
521 1 10.4242525
522 1 10.4242525
523 2 10.4242525
524 2 10.4242525
525 1 10.4242525
525 1 10.4242525
527 0 0.0
527 0 0.0
528 1 10.4242525
528 0 0.0
528 0 0.0
528 0 0.0
529 1 10.4242525
529 2 10.4242525
529 0 0.0
529 1 10.4242525
530 0 0.0
530 1 10.4242525
530 0 0.0
531 0 0.0
531 1 10.4242525
531 1 10.4242525
532 1 10.4242525
533 2 10.4242525
533 1 10.4242525
534 0 0.0
534 1 10.4242525
534 1 10.4242525
534 0 0.0
534 1 10.4242525
534 0 0.0
535 0 0.0
535 0 0.0
535 0 0.0
535 0 0.0
536 0 0.0
536 1 10.4242525
537 1 10.412885
538 1 10.4242525
538 1 10.4242525
539 1 10.4242525
539 0 0.0
540 2 10.4242525
541 0 0.0
541 1 10.4242525
542 2 10.4242525
542 1 10.4242525
544 1 10.4242525
544 1 10.4242525
544 1 10.4242525
544 1 10.4242525
546 1 10.4242525
547 2 10.4242525
549 1 10.4242525
550 1 10.4242525
550 1 10.4242525
550 1 10.4242525
551 1 10.4242525
551 1 10.4242525
551 1 10.4242525
552 2 10.4242525
553 1 10.4242525
554 1 10.4242525
554 1 10.4242525
555 2 10.4242525
556 1 10.4242525
556 1 10.4242525
556 1 10.412885
557 1 10.4242525
558 1 10.4242525
558 1 10.4242525
559 1 10.4242525
561 1 10.4242525
561 1 10.4242525
564 1 10.4242525
565 1 10.4242525
565 1 10.4242525
566 1 10.4242525
566 1 10.4242525
567 1 10.4242525
569 0 0.0
569 2 10.4242525
569 0 0.0
569 1 10.4242525
569 1 10.4242525
570 1 10.4242525
570 1 10.4242525
570 1 10.4242525
570 1 10.4242525
570 1 10.4242525
571 1 10.4242525
572 1 10.412885
572 1 10.4242525
573 1 10.4242525
573 1 10.4242525
574 1 10.4242525
575 1 10.4242525
575 1 10.4242525
575 1 10.4242525
575 2 10.4242525
576 1 10.4242525
577 1 10.4242525
579 1 10.4242525
579 1 10.412885
579 1 10.412885
580 1 10.4242525
581 1 10.4242525
581 2 10.4242525
583 2 10.4242525
584 1 10.412885
585 2 10.4242525
586 1 10.4242525
587 1 10.4242525
587 1 10.4242525
588 1 10.4242525
588 1 10.4242525
588 1 10.4242525
589 1 10.4242525
590 1 10.4242525
591 1 10.4242525
593 1 10.4242525
599 1 10.4242525
599 1 10.4242525
600 1 10.412885
601 2 10.4242525
603 1 10.412885
604 1 10.4242525
604 1 10.4242525
605 1 10.4242525
605 1 10.4242525
606 1 10.4242525
607 1 10.4242525
607 2 10.4242525
608 1 10.4242525
609 0 0.0
609 1 10.4242525
609 1 10.4242525
609 0 0.0
610 1 10.4242525
610 0 0.0
610 1 10.4242525
611 0 0.0
611 1 10.4242525
611 0 0.0
612 0 0.0
612 0 0.0
612 0 0.0
613 0 0.0
614 1 10.4242525
614 2 10.4242525
615 1 10.4242525
615 1 10.4242525
615 1 10.4242525
615 1 10.4242525
616 1 10.4242525
616 1 10.412885
617 1 10.4242525
617 1 10.4242525
618 1 10.4242525
619 1 10.412885
619 1 10.4242525
619 2 10.4242525
620 1 10.4242525
620 1 10.4242525
621 1 10.4242525
621 1 10.4242525
621 1 10.4242525
622 1 10.4242525
624 1 10.4242525
624 0 0.0
624 1 10.4242525
625 1 10.4242525
626 1 10.4242525
626 1 10.4242525
627 1 10.4242525
627 1 10.4242525
627 1 10.4242525
628 1 10.4242525
628 1 10.412885
628 1 10.412885
629 1 10.4242525
629 1 10.4242525
631 1 10.4242525
631 1 10.4242525
631 1 10.4242525
632 0 0.0
632 0 0.0
632 0 0.0
632 0 0.0
632 0 0.0
632 0 0.0
632 0 0.0
632 0 0.0
632 0 0.0
632 0 0.0
632 0 0.0
632 0 0.0
632 0 0.0
632 0 0.0
632 0 0.0
632 1 10.4242525
632 0 0.0
632 0 0.0
632 0 0.0
634 1 10.4242525
635 0 0.0
635 0 0.0
635 0 0.0
635 1 10.412885
635 1 10.4242525
636 0 0.0
636 1 10.4242525
636 1 10.4242525
636 0 0.0
636 0 0.0
636 0 0.0
637 1 10.4242525
641 1 10.4242525
642 1 10.4242525
642 1 10.4242525
642 1 10.4242525
642 1 10.4242525
643 1 10.4242525
647 0 0.0
647 1 10.4242525
648 1 10.4242525
648 1 10.4242525
649 1 10.412885
650 2 10.4242525
651 1 10.4242525
652 0 0.0
653 1 10.4242525
653 0 0.0
653 0 0.0
653 0 0.0
656 1 10.4242525
658 1 10.4242525
659 1 10.4242525
661 0 0.0
661 0 0.0
662 0 0.0
662 1 10.4242525
662 0 0.0
662 0 0.0
663 1 10.412885
665 0 0.0
665 0 0.0
665 0 0.0
665 0 0.0
665 0 0.0
665 0 0.0
665 0 0.0
665 0 0.0
665 0 0.0
665 0 0.0
665 0 0.0
666 0 0.0
666 0 0.0
666 0 0.0
666 0 0.0
666 0 0.0
666 0 0.0
666 0 0.0
666 0 0.0
666 0 0.0
666 0 0.0
666 0 0.0
666 0 0.0
666 1 10.4242525
667 0 0.0
668 0 0.0
668 0 0.0
668 1 10.4242525
669 0 0.0
669 1 10.4242525
669 0 0.0
669 1 10.4242525
669 0 0.0
670 0 0.0
671 0 0.0
672 1 10.4242525
672 0 0.0
672 0 0.0
675 1 10.4242525
675 1 10.4242525
675 1 10.4242525
675 0 0.0
676 3 10.4242525
676 1 10.4242525
677 1 10.4242525
677 2 10.4242525
680 0 0.0
682 1 10.4242525
682 1 9.946806
683 0 0.0
683 0 0.0
683 1 10.4242525
683 0 0.0
683 1 10.4242525
683 0 0.0
683 0 0.0
683 0 0.0
683 0 0.0
683 0 0.0
683 0 0.0
683 0 0.0
684 1 10.4242525
684 1 10.4242525
684 1 10.4242525
684 1 10.4242525
684 2 10.4242525
685 1 10.4242525
686 1 10.4242525
687 1 10.4242525
688 1 10.4242525
689 0 0.0
690 1 10.4242525
690 1 10.4242525
690 1 10.4242525
690 1 10.4242525
690 1 10.4242525
690 1 10.4242525
690 0 0.0
692 0 0.0
692 1 10.4242525
693 0 0.0
693 0 0.0
694 0 0.0
695 0 0.0
696 0 0.0
696 1 10.4242525
700 0 0.0
701 1 10.4242525
702 1 10.4242525
703 1 10.4242525
703 1 10.4242525
703 1 10.412885
704 1 10.4242525
704 1 10.4242525
704 0 0.0
706 0 0.0
706 1 10.4242525
706 0 0.0
706 0 0.0
706 0 0.0
706 0 0.0
706 0 0.0
706 0 0.0
707 1 10.4242525
708 0 0.0
710 1 10.4242525
711 1 10.4242525
711 1 10.4242525
711 0 0.0
712 3 10.4242525
712 1 10.4242525
712 1 10.412885
712 1 10.4242525
712 1 10.412885
715 1 10.4242525
715 0 0.0
715 1 10.4242525
715 0 0.0
716 2 10.4242525
716 0 0.0
717 1 10.4242525
717 1 10.4242525
717 0 0.0
717 0 0.0
717 1 10.4242525
717 0 0.0
718 1 10.4242525
718 0 0.0
718 1 10.4242525
718 2 10.4242525
719 1 10.4242525
719 1 10.4242525
720 1 10.4242525
720 2 10.4242525
720 2 10.4242525
722 2 10.4242525
722 1 10.4242525
722 2 10.4242525
723 1 10.4242525
723 1 10.4242525
723 1 10.4242525
724 1 10.4242525
724 0 0.0
724 2 10.4242525
724 1 10.4242525
725 1 10.412885
725 1 10.4242525
725 1 10.4242525
725 1 10.4242525
725 2 10.4242525
725 1 10.4242525
731 1 10.4242525
732 1 10.4242525
735 1 10.4242525
735 1 10.4242525
738 1 10.4242525
739 0 0.0
740 1 10.4242525
741 0 0.0
741 0 0.0
741 0 0.0
741 0 0.0
741 0 0.0
741 0 0.0
741 0 0.0
741 0 0.0
741 0 0.0
741 0 0.0
741 0 0.0
741 0 0.0
741 0 0.0
741 0 0.0
741 0 0.0
741 0 0.0
741 0 0.0
741 0 0.0
741 0 0.0
741 0 0.0
743 1 10.4242525
744 1 10.4242525
745 1 10.4242525
745 0 0.0
746 1 10.4242525
747 1 10.4242525
748 0 0.0
749 0 0.0
749 1 10.4242525
750 0 0.0
750 0 0.0
750 0 0.0
750 1 10.4242525
750 0 0.0
751 1 10.4242525
751 1 10.4242525
752 1 10.4242525
752 1 10.4242525
752 0 0.0
752 1 10.4242525
752 0 0.0
752 1 10.4242525
752 0 0.0
752 1 10.4242525
752 0 0.0
753 0 0.0
753 0 0.0
753 2 10.4242525
753 0 0.0
754 1 10.4242525
754 3 10.420463
755 1 10.4242525
755 0 0.0
755 0 0.0
755 1 10.4242525
755 0 0.0
755 1 10.4242525
756 0 0.0
756 1 10.4242525
756 1 10.4242525
757 1 10.4242525
757 0 0.0
757 0 0.0
758 1 10.4242525
758 2 10.418569
758 1 10.4242525
758 1 10.4242525
758 1 10.4242525
759 0 0.0
759 0 0.0
759 1 10.4242525
760 1 10.4242525
