0 2 109.06773
0 3 109.06773
0 1 109.06773
0 2 109.06773
1 1 109.06773
1 4 109.06773
1 1 109.06773
2 2 109.06773
2 2 109.06773
2 1 109.06773
2 2 109.06773
3 1 109.06773
3 3 109.06773
3 4 109.06773
3 -1 109.06773
4 1 109.06773
4 1 109.06773
5 1 109.06773
5 -1 109.06773
5 1 109.06773
5 1 109.06773
6 1 109.06773
6 1 109.06773
7 1 109.06773
7 2 109.06773
7 1 109.06773
7 1 109.06773
8 2 109.06773
8 1 109.06773
9 1 109.06773
9 2 109.06773
9 1 109.06773
10 2 109.06773
10 2 109.06773
10 4 109.06773
10 1 109.06773
10 1 109.06773
11 1 109.06773
11 1 109.06773
12 1 109.06773
12 1 109.06773
12 0 0.0
13 -1 109.06773
13 0 0.0
14 -1 109.06773
15 -1 109.06773
15 0 0.0
15 1 109.06773
15 0 0.0
16 -1 109.06773
16 1 109.06773
18 1 109.06773
19 -1 109.06773
20 0 0.0
20 1 109.06773
21 1 109.06773
21 0 0.0
24 1 109.06773
24 1 109.06773
25 0 0.0
25 1 109.06773
25 1 109.06773
26 1 109.06773
26 1 109.06773
27 -1 109.06773
28 1 109.06773
28 0 0.0
29 1 109.06773
30 2 109.06773
30 2 109.06773
30 1 109.06773
30 1 109.06773
30 3 109.06773
30 1 109.06773
32 1 109.06773
32 1 109.06773
33 -1 109.06773
34 1 109.06773
35 1 109.06773
35 1 109.06773
35 1 109.06773
35 0 0.0
36 3 109.06773
36 2 109.06773
37 2 109.06773
38 1 109.06773
41 1 109.06773
42 1 109.06773
42 0 0.0
42 1 109.06773
42 1 109.06773
43 1 109.06773
44 1 109.06773
44 1 109.06773
44 1 109.06773
45 1 109.06773
45 2 109.06773
46 1 109.06773
47 0 0.0
47 1 109.06773
48 0 0.0
49 1 109.06773
49 1 109.06773
49 1 109.06773
50 0 0.0
50 2 109.06773
50 1 109.06773
51 1 109.06773
52 -1 109.06773
52 1 109.06773
55 1 109.06773
56 1 109.06773
57 1 109.06773
60 1 109.06773
60 1 109.06773
60 1 109.06773
65 0 0.0
66 1 109.06773
66 1 109.06773
67 1 109.06773
67 1 109.06773
67 1 109.06773
69 1 109.06773
70 1 109.06773
73 1 109.06773
73 1 109.06773
73 1 109.06773
75 1 109.06773
78 1 109.06773
79 1 109.06773
81 1 109.06773
81 1 109.06773
82 1 109.06773
83 1 109.06773
83 1 109.06773
84 1 109.06773
85 2 109.06773
86 2 109.06773
87 1 109.06773
87 2 109.06773
88 4 109.06773
88 -1 109.06773
88 2 109.06773
89 1 109.06773
91 0 0.0
94 1 109.06773
95 0 0.0
96 0 0.0
96 1 109.06773
97 1 109.06773
97 1 109.06773
100 1 109.06773
100 1 109.06773
104 0 0.0
104 1 109.06773
107 18 109.06773
108 10 109.06773
109 1 109.06773
110 1 109.06773
111 2 109.06773
111 1 109.06773
112 3 109.06773
113 1 109.06773
114 5 109.06773
115 1 109.06773
115 2 109.06773
115 1 109.06773
116 1 109.06773
117 1 109.06773
118 1 109.06773
120 3 109.06773
120 1 109.06773
120 1 109.06773
121 1 109.06773
121 0 0.0
122 0 0.0
123 3 109.06773
123 0 0.0
124 2 109.06773
125 1 109.06773
126 1 109.06773
127 4 109.06773
127 1 109.06773
127 0 0.0
128 5 109.06773
128 1 109.06773
128 1 109.06773
129 12 109.06773
129 2 109.06773
129 2 109.06773
130 4 109.06773
133 2 109.06773
133 1 109.06773
135 1 109.06773
136 2 109.06773
136 1 109.06773
138 4 109.06773
138 1 109.06773
139 1 109.06773
140 1 109.06773
141 2 109.06773
141 1 109.06773
142 6 109.06773
143 4 109.06773
143 1 109.06773
144 1 109.06773
145 0 0.0
146 1 109.06773
147 2 109.06773
148 1 109.06773
149 2 109.06773
151 2 109.06773
152 2 109.06773
152 0 0.0
153 3 109.06773
154 3 109.06773
154 1 109.06773
155 2 109.06773
155 2 109.06773
156 1 109.06773
156 2 109.06773
157 1 109.06773
157 0 0.0
162 2 109.06773
164 1 109.06773
165 1 109.06773
167 1 109.06773
169 1 109.06773
169 1 109.06773
170 2 109.06773
170 1 109.06773
171 1 109.06773
172 1 109.06773
174 1 109.06773
175 1 109.06773
176 1 109.06773
177 1 109.06773
178 2 109.06773
179 1 109.06773
180 1 109.06773
181 0 0.0
181 0 0.0
181 0 0.0
181 0 0.0
181 0 0.0
181 0 0.0
181 0 0.0
181 0 0.0
182 2 109.06773
182 1 109.06773
182 0 0.0
182 0 0.0
182 0 0.0
182 0 0.0
182 0 0.0
183 1 109.06773
183 1 109.06773
184 4 109.06773
184 1 109.06773
184 1 109.06773
184 1 109.06773
185 1 109.06773
185 1 109.06773
186 0 0.0
186 -1 109.06773
186 1 109.06773
186 1 109.06773
187 0 0.0
187 -2 109.06773
187 0 0.0
187 1 109.06773
187 1 109.06773
188 0 0.0
188 1 109.06773
189 1 109.06773
190 1 109.06773
191 1 109.06773
191 2 109.06773
191 1 109.06773
191 1 109.06773
192 0 0.0
195 1 109.06773
197 1 109.06773
197 1 109.06773
197 1 109.06773
197 0 0.0
197 1 109.06773
198 1 109.06773
198 1 109.06773
198 3 109.06773
198 1 109.06773
198 1 109.06773
199 1 109.06773
199 1 109.06773
200 1 109.06773
200 1 109.06773
201 1 109.06773
201 1 109.06773
202 0 0.0
202 0 0.0
203 1 109.06773
203 1 109.06773
203 0 0.0
204 1 109.06773
205 1 109.06773
205 1 109.06773
206 -1 109.06773
207 1 109.06773
207 1 109.06773
208 0 0.0
209 1 109.06773
209 1 109.06773
209 1 109.06773
210 1 109.06773
210 1 109.06773
210 -1 109.06773
210 1 109.06773
210 1 109.06773
210 1 109.06773
210 1 109.06773
210 1 109.06773
211 1 109.06773
211 1 109.06773
212 2 109.06773
212 1 109.06773
212 2 109.06773
212 1 109.06773
213 1 109.06773
214 1 109.06773
214 0 0.0
214 -1 109.06773
214 1 109.06773
214 1 109.06773
215 1 109.06773
215 0 0.0
216 2 109.06773
217 1 109.06773
217 1 109.06773
217 1 109.06773
217 1 109.06773
217 1 109.06773
218 1 109.06773
218 1 109.06773
218 1 109.06773
218 1 109.06773
219 0 0.0
219 0 0.0
221 1 109.06773
221 1 109.06773
221 4 109.06773
221 1 109.06773
222 1 109.06773
222 1 109.06773
223 1 109.06773
223 1 109.06773
223 1 109.06773
223 1 109.06773
223 1 109.06773
223 1 109.06773
224 1 109.06773
224 2 109.06773
224 1 109.06773
225 1 109.06773
225 1 109.06773
225 1 109.06773
226 0 0.0
226 1 109.06773
226 2 109.06773
227 1 109.06773
227 0 0.0
228 3 109.06773
229 1 109.06773
229 1 109.06773
231 1 109.06773
231 1 109.06773
232 1 109.06773
232 1 109.06773
232 1 109.06773
233 -1 109.06773
233 0 0.0
233 1 109.06773
234 0 0.0
234 1 109.06773
235 1 109.06773
236 -1 109.06773
237 1 109.06773
238 1 109.06773
238 1 109.06773
238 1 109.06773
239 0 0.0
240 1 109.06773
240 0 0.0
241 0 0.0
241 1 109.06773
241 1 109.06773
241 1 109.06773
242 0 0.0
242 0 0.0
242 0 0.0
242 1 109.06773
242 -1 109.06773
242 0 0.0
243 0 0.0
243 1 109.06773
243 0 0.0
243 2 109.06773
243 1 109.06773
244 1 109.06773
244 1 109.06773
244 2 109.06773
244 1 109.06773
245 9 109.06773
245 1 109.06773
245 1 109.06773
245 1 109.06773
245 1 109.06773
245 1 109.06773
245 2 109.06773
245 1 109.06773
245 1 109.06773
246 2 109.06773
246 0 0.0
246 2 109.06773
247 0 0.0
247 1 109.06773
247 2 109.06773
247 1 109.06773
247 1 109.06773
248 2 109.06773
250 0 0.0
250 0 0.0
250 2 109.06773
250 1 109.06773
251 1 109.06773
251 1 109.06773
251 1 109.06773
251 1 109.06773
252 4 109.06773
252 3 109.06773
252 2 109.06773
253 1 109.06773
253 1 109.06773
253 1 109.06773
254 1 109.06773
254 3 109.06773
254 1 109.06773
254 0 0.0
255 0 0.0
255 0 0.0
255 1 109.06773
255 0 0.0
255 1 109.06773
256 1 109.06773
256 1 109.06773
256 2 109.06773
257 2 109.06773
257 1 109.06773
257 1 109.06773
258 1 109.06773
258 1 109.06773
258 1 109.06773
259 2 109.06773
259 1 109.06773
259 1 109.06773
260 1 109.06773
261 2 109.06773
261 1 109.06773
261 1 109.06773
262 1 109.06773
262 1 109.06773
262 1 109.06773
262 1 109.06773
265 2 109.06773
265 2 109.06773
265 2 109.06773
266 2 109.06773
266 2 109.06773
266 1 109.06773
266 5 109.06773
266 1 109.06773
267 1 109.06773
267 1 109.06773
267 1 109.06773
268 1 109.06773
268 1 109.06773
268 4 109.06773
269 1 109.06773
269 3 109.06773
269 2 109.06773
269 1 109.06773
270 1 109.06773
270 1 109.06773
270 1 109.06773
270 1 109.06773
270 1 109.06773
271 1 109.06773
271 1 109.06773
271 1 109.06773
271 1 109.06773
272 2 109.06773
272 1 109.06773
272 4 109.06773
272 4 109.06773
273 1 109.06773
273 1 109.06773
273 1 109.06773
274 1 109.06773
274 -1 109.06773
275 1 109.06773
275 1 109.06773
275 1 109.06773
275 -1 109.06773
276 0 0.0
276 1 109.06773
276 1 109.06773
276 1 109.06773
277 1 109.06773
277 1 109.06773
277 1 109.06773
277 1 109.06773
278 1 109.06773
278 3 109.06773
279 2 109.06773
279 2 109.06773
279 3 109.06773
279 1 109.06773
280 0 0.0
280 5 109.06773
280 10 109.06773
281 1 109.06773
282 1 109.06773
282 0 0.0
283 1 109.06773
283 1 109.06773
283 1 109.06773
284 1 109.06773
284 0 0.0
284 1 109.06773
285 1 109.06773
286 1 109.06773
286 1 109.06773
287 1 109.06773
287 -1 109.06773
287 1 109.06773
287 1 109.06773
287 1 109.06773
287 1 109.06773
288 1 109.06773
288 1 109.06773
289 1 109.06773
289 1 109.06773
289 2 109.06773
290 1 109.06773
291 0 0.0
292 2 109.06773
293 1 109.06773
293 2 109.06773
293 1 109.06773
293 0 0.0
294 1 109.06773
294 -1 109.06773
294 3 109.06773
294 1 109.06773
295 1 109.06773
295 0 0.0
296 1 109.06773
297 0 0.0
297 0 0.0
297 1 109.06773
298 0 0.0
298 18 109.06773
298 22 109.06773
299 4 109.06773
299 4 109.06773
300 1 109.06773
300 1 109.06773
300 1 109.06773
300 0 0.0
300 0 0.0
300 1 109.06773
300 -1 109.06773
300 2 109.06773
301 1 109.06773
301 1 109.06773
302 0 0.0
302 0 0.0
302 1 109.06773
302 1 109.06773
302 0 0.0
303 0 0.0
303 3 109.06773
303 0 0.0
303 0 0.0
303 0 0.0
304 1 109.06773
304 0 0.0
304 1 109.06773
304 0 0.0
304 1 109.06773
304 0 0.0
304 0 0.0
304 0 0.0
304 0 0.0
304 0 0.0
305 1 109.06773
305 0 0.0
305 1 109.06773
306 1 109.06773
306 1 109.06773
306 0 0.0
306 3 109.06773
306 1 109.06773
306 -1 109.06773
306 1 109.06773
307 3 109.06773
307 1 109.06773
307 1 109.06773
307 3 109.06773
307 0 0.0
307 1 109.06773
307 2 109.06773
307 4 109.06773
308 1 109.06773
308 1 109.06773
308 2 109.06773
308 1 109.06773
308 3 109.06773
309 1 109.06773
309 1 109.06773
310 2 109.06773
310 1 109.06773
310 1 109.06773
310 2 109.06773
311 1 109.06773
311 1 109.06773
311 1 109.06773
312 1 109.06773
312 1 109.06773
312 0 0.0
312 1 109.06773
312 -1 109.06773
312 1 109.06773
313 3 109.06773
313 3 109.06773
313 1 109.06773
313 1 109.06773
313 1 109.06773
313 1 109.06773
313 0 0.0
313 0 0.0
314 3 109.06773
314 1 109.06773
314 1 109.06773
314 4 109.06773
314 1 109.06773
314 4 109.06773
314 2 109.06773
315 6 109.06773
315 0 0.0
315 1 109.06773
315 1 109.06773
315 1 109.06773
316 4 109.06773
316 1 109.06773
316 1 109.06773
316 1 109.06773
317 1 109.06773
317 1 109.06773
317 1 109.06773
318 1 109.06773
318 1 109.06773
318 2 109.06773
318 2 109.06773
319 1 109.06773
319 -1 109.06773
319 1 109.06773
319 1 109.06773
319 1 109.06773
319 0 0.0
320 1 109.06773
320 3 109.06773
321 2 109.06773
321 2 109.06773
321 3 109.06773
321 1 109.06773
323 0 0.0
323 1 109.06773
324 2 109.06773
324 0 0.0
324 -1 109.06773
324 2 109.06773
324 2 109.06773
325 2 109.06773
325 1 109.06773
325 1 109.06773
325 2 109.06773
326 -1 109.06773
326 1 109.06773
326 1 109.06773
326 1 109.06773
327 1 109.06773
327 2 109.06773
327 1 109.06773
327 33 109.06773
327 17 109.06773
327 21 109.06773
328 1 109.06773
328 1 109.06773
328 2 109.06773
328 1 109.06773
328 11 109.06773
328 1 109.06773
328 1 109.06773
328 7 109.06773
329 1 109.06773
329 -1 109.06773
330 1 109.06773
330 1 109.06773
330 1 109.06773
331 0 0.0
332 1 109.06773
332 0 0.0
332 1 109.06773
332 1 109.06773
332 0 0.0
332 0 0.0
332 0 0.0
332 0 0.0
333 1 109.06773
333 0 0.0
333 -1 109.06773
333 0 0.0
334 2 109.06773
334 2 109.06773
334 0 0.0
334 1 109.06773
335 3 109.06773
335 1 109.06773
335 1 109.06773
336 3 109.06773
337 0 0.0
337 1 109.06773
337 -1 109.06773
338 0 0.0
338 1 109.06773
338 4 109.06773
338 1 109.06773
338 1 109.06773
339 -1 109.06773
339 3 109.06773
339 0 0.0
340 2 109.06773
340 1 109.06773
341 1 109.06773
341 1 109.06773
341 1 109.06773
342 2 109.06773
342 1 109.06773
342 1 109.06773
342 -1 109.06773
342 3 109.06773
342 1 109.06773
342 1 109.06773
343 1 109.06773
343 1 109.06773
343 3 109.06773
344 1 109.06773
345 2 109.06773
345 2 109.06773
345 1 109.06773
346 1 109.06773
346 0 0.0
346 1 109.06773
347 1 109.06773
347 1 109.06773
347 1 109.06773
347 0 0.0
347 0 0.0
347 0 0.0
348 1 109.06773
348 -1 109.06773
348 1 109.06773
348 10 109.06773
348 2 109.06773
349 2 109.06773
349 1 109.06773
349 0 0.0
349 3 109.06773
350 1 109.06773
350 1 109.06773
351 3 109.06773
352 1 109.06773
352 1 109.06773
353 0 0.0
353 1 109.06773
353 0 0.0
353 1 109.06773
354 1 109.06773
355 1 109.06773
355 1 109.06773
355 6 109.06773
355 2 109.06773
355 1 109.06773
356 1 109.06773
356 1 109.06773
357 2 109.06773
357 1 109.06773
358 2 109.06773
358 1 109.06773
359 2 109.06773
359 2 109.06773
360 1 109.06773
365 1 109.06773
366 1 109.06773
366 1 109.06773
366 1 109.06773
366 1 109.06773
366 2 109.06773
366 1 109.06773
367 1 109.06773
367 1 109.06773
367 1 109.06773
367 3 109.06773
367 1 109.06773
367 1 109.06773
368 1 109.06773
369 0 0.0
369 1 109.06773
369 1 109.06773
369 1 109.06773
370 0 0.0
370 -1 109.06773
370 1 109.06773
371 1 109.06773
371 1 109.06773
371 0 0.0
371 0 0.0
371 -1 109.06773
372 0 0.0
372 0 0.0
372 1 109.06773
372 0 0.0
372 0 0.0
373 1 109.06773
373 0 0.0
373 1 109.06773
373 1 109.06773
373 -1 109.06773
373 1 109.06773
374 -1 109.06773
375 1 109.06773
375 0 0.0
375 1 109.06773
375 1 109.06773
376 0 0.0
376 0 0.0
376 1 109.06773
376 1 109.06773
376 0 0.0
377 1 109.06773
377 1 109.06773
378 2 109.06773
378 1 109.06773
378 1 109.06773
379 1 109.06773
380 -1 109.06773
380 2 109.06773
380 1 109.06773
380 1 109.06773
381 1 109.06773
381 1 109.06773
381 2 109.06773
381 1 109.06773
381 3 109.06773
381 1 109.06773
381 1 109.06773
381 1 109.06773
382 0 0.0
382 2 109.06773
383 1 109.06773
383 1 109.06773
383 1 109.06773
384 2 109.06773
384 1 109.06773
384 2 109.06773
385 1 109.06773
385 1 109.06773
385 1 109.06773
386 1 109.06773
386 1 109.06773
386 1 109.06773
386 1 109.06773
387 1 109.06773
387 4 109.06773
388 2 109.06773
388 1 109.06773
388 1 109.06773
388 1 109.06773
389 1 109.06773
389 1 109.06773
389 1 109.06773
389 1 109.06773
389 2 109.06773
390 1 109.06773
390 3 109.06773
390 -1 109.06773
390 1 109.06773
390 1 109.06773
390 0 0.0
391 1 109.06773
391 0 0.0
392 1 109.06773
392 0 0.0
392 2 109.06773
392 1 109.06773
392 2 109.06773
392 2 109.06773
393 0 0.0
393 1 109.06773
393 1 109.06773
393 1 109.06773
393 1 109.06773
394 0 0.0
395 0 0.0
395 1 109.06773
395 1 109.06773
395 1 109.06773
395 1 109.06773
396 1 109.06773
396 1 109.06773
396 1 109.06773
397 0 0.0
397 1 109.06773
397 1 109.06773
397 0 0.0
398 1 109.06773
398 1 109.06773
398 1 109.06773
398 1 109.06773
399 0 0.0
399 0 0.0
400 1 109.06773
400 0 0.0
400 0 0.0
400 1 109.06773
400 2 109.06773
401 1 109.06773
401 0 0.0
401 3 109.06773
401 0 0.0
402 2 109.06773
402 0 0.0
402 0 0.0
402 0 0.0
403 1 109.06773
404 1 109.06773
404 1 109.06773
404 1 109.06773
405 -1 109.06773
405 1 109.06773
405 1 109.06773
405 1 109.06773
405 1 109.06773
406 1 109.06773
406 1 109.06773
406 0 0.0
407 1 109.06773
408 1 109.06773
408 1 109.06773
408 1 109.06773
408 1 109.06773
409 0 0.0
409 1 109.06773
410 1 109.06773
410 1 109.06773
411 1 109.06773
411 -1 109.06773
412 1 109.06773
412 1 109.06773
413 0 0.0
413 1 109.06773
414 0 0.0
415 1 109.06773
416 -1 109.06773
416 -1 109.06773
416 1 109.06773
416 1 109.06773
416 2 109.06773
417 0 0.0
417 1 109.06773
418 1 109.06773
418 1 109.06773
419 0 0.0
420 1 109.06773
420 1 109.06773
420 1 109.06773
420 1 109.06773
421 1 109.06773
421 1 109.06773
421 1 109.06773
422 1 109.06773
422 1 109.06773
422 1 109.06773
423 1 109.06773
425 0 0.0
426 0 0.0
426 0 0.0
426 -1 109.06773
426 1 109.06773
426 -1 109.06773
427 0 0.0
427 0 0.0
427 0 0.0
427 1 109.06773
427 0 0.0
428 0 0.0
428 0 0.0
428 1 109.06773
429 1 109.06773
429 1 109.06773
429 -1 109.06773
429 1 109.06773
429 1 109.06773
429 3 109.06773
429 1 109.06773
429 1 109.06773
429 1 109.06773
429 0 0.0
430 2 109.06773
430 1 109.06773
430 2 109.06773
430 1 109.06773
430 1 109.06773
430 4 109.06773
431 1 109.06773
432 1 109.06773
432 2 109.06773
432 0 0.0
432 1 109.06773
432 1 109.06773
433 2 109.06773
433 1 109.06773
434 0 0.0
434 26 109.06773
435 0 0.0
436 1 109.06773
436 1 109.06773
437 1 109.06773
437 -1 109.06773
437 1 109.06773
438 1 109.06773
441 1 109.06773
441 0 0.0
442 1 109.06773
443 1 109.06773
444 2 109.06773
445 2 109.06773
445 1 109.06773
449 1 109.06773
449 1 109.06773
450 1 109.06773
450 1 109.06773
450 1 109.06773
451 2 109.06773
451 -1 109.06773
451 1 109.06773
452 1 109.06773
453 1 109.06773
454 1 109.06773
454 0 0.0
456 1 109.06773
457 1 109.06773
458 1 109.06773
459 1 109.06773
459 1 109.06773
459 2 109.06773
460 1 109.06773
460 0 0.0
460 1 109.06773
460 -1 109.06773
461 1 109.06773
461 -1 109.06773
462 0 0.0
462 1 109.06773
462 -1 109.06773
462 1 109.06773
463 1 109.06773
464 1 109.06773
464 1 109.06773
464 1 109.06773
465 1 109.06773
466 1 109.06773
467 1 109.06773
468 1 109.06773
469 1 109.06773
469 1 109.06773
469 0 0.0
470 1 109.06773
470 1 109.06773
470 1 109.06773
471 1 109.06773
471 1 109.06773
471 -1 109.06773
472 0 0.0
472 1 109.06773
472 1 109.06773
474 1 109.06773
474 1 109.06773
476 1 109.06773
476 0 0.0
476 1 109.06773
477 -1 109.06773
477 1 109.06773
478 2 109.06773
478 0 0.0
478 1 109.06773
479 2 109.06773
479 0 0.0
480 1 109.06773
480 0 0.0
480 1 109.06773
480 1 109.06773
481 1 109.06773
481 1 109.06773
481 0 0.0
481 2 109.06773
482 1 109.06773
483 1 109.06773
483 0 0.0
484 2 109.06773
484 1 109.06773
484 1 109.06773
484 1 109.06773
484 0 0.0
485 1 109.06773
485 2 109.06773
485 1 109.06773
485 1 109.06773
485 1 109.06773
486 1 109.06773
486 1 109.06773
487 2 109.06773
487 1 109.06773
488 1 109.06773
488 1 109.06773
488 1 109.06773
488 2 109.06773
488 1 109.06773
489 0 0.0
489 1 109.06773
489 0 0.0
489 1 109.06773
490 1 109.06773
490 1 109.06773
490 1 109.06773
490 2 109.06773
490 1 109.06773
490 0 0.0
490 0 0.0
491 1 109.06773
491 2 109.06773
491 5 109.06773
491 6 109.06773
491 1 109.06773
491 2 109.06773
492 3 109.06773
492 2 109.06773
492 1 109.06773
492 1 109.06773
492 2 109.06773
492 1 109.06773
492 2 109.06773
492 1 109.06773
492 1 109.06773
492 5 109.06773
492 1 109.06773
493 0 0.0
494 1 109.06773
494 0 0.0
494 3 109.06773
495 1 109.06773
495 1 109.06773
495 1 109.06773
496 1 109.06773
496 1 109.06773
496 -1 109.06773
496 1 109.06773
496 1 109.06773
497 0 0.0
498 1 109.06773
499 1 109.06773
499 1 109.06773
499 0 0.0
500 0 0.0
500 0 0.0
502 1 109.06773
502 1 109.06773
503 2 109.06773
504 1 109.06773
506 1 109.06773
506 2 109.06773
507 1 109.06773
507 0 0.0
510 1 109.06773
511 1 109.06773
514 1 109.06773
515 1 109.06773
515 1 109.06773
515 0 0.0
516 1 109.06773
516 1 109.06773
517 1 109.06773
517 1 109.06773
520 0 0.0
520 2 109.06773
521 1 109.06773
526 1 109.06773
526 0 0.0
529 0 0.0
531 1 109.06773
532 1 109.06773
533 1 109.06773
535 1 109.06773
539 -1 109.06773
542 0 0.0
542 1 109.06773
544 0 0.0
544 1 109.06773
553 1 109.06773
554 1 109.06773
554 1 109.06773
559 1 109.06773
562 1 109.06773
567 1 109.06773
568 1 109.06773
578 0 0.0
582 1 109.06773
584 0 0.0
585 1 109.06773
585 0 0.0
585 1 109.06773
586 0 0.0
589 1 109.06773
594 1 109.06773
595 1 109.06773
596 1 109.06773
599 1 109.06773
599 0 0.0
602 1 109.06773
607 1 109.06773
607 0 0.0
609 0 0.0
609 0 0.0
609 1 109.06773
613 0 0.0
618 1 109.06773
619 1 109.06773
619 -1 109.06773
620 1 109.06773
621 1 109.06773
622 1 109.06773
624 0 0.0
624 1 109.06773
625 1 109.06773
625 1 109.06773
626 -1 109.06773
628 1 109.06773
629 1 109.06773
630 1 109.06773
636 1 109.06773
639 1 109.06773
640 1 109.06773
643 2 109.06773
646 0 0.0
650 1 109.06773
652 0 0.0
652 1 109.06773
655 1 109.06773
655 1 109.06773
663 1 109.06773
663 1 109.06773
664 1 109.06773
665 0 0.0
665 -1 109.06773
670 1 109.06773
671 0 0.0
673 1 109.06773
676 1 109.06773
682 1 109.06773
689 1 109.06773
691 1 109.06773
699 0 0.0
711 1 109.06773
736 0 0.0
738 0 0.0
744 1 109.06773
747 1 109.06773
