240 0 0.0
240 0 0.0
242 0 0.0
244 0 0.0
246 0 0.0
246 1 77.616714
246 0 0.0
246 0 0.0
247 0 0.0
247 0 0.0
247 0 0.0
247 0 0.0
247 0 0.0
247 0 0.0
247 0 0.0
248 1 77.616714
248 0 0.0
249 0 0.0
249 0 0.0
250 1 83.749115
251 0 0.0
252 1 77.616714
252 1 83.749115
253 1 77.616714
253 1 77.616714
254 0 0.0
254 1 77.616714
254 0 0.0
254 0 0.0
255 0 0.0
255 1 77.616714
255 0 0.0
255 0 0.0
256 0 0.0
256 0 0.0
257 0 0.0
257 1 77.616714
257 0 0.0
258 1 77.616714
258 1 77.616714
258 1 77.616714
259 1 83.749115
260 1 77.616714
260 0 0.0
260 1 77.616714
260 0 0.0
261 1 77.616714
261 1 77.616714
261 1 77.616714
262 1 77.616714
262 1 77.616714
262 1 77.616714
262 0 0.0
262 1 77.616714
262 1 77.616714
264 1 77.616714
264 0 0.0
264 1 77.616714
266 1 77.616714
267 0 0.0
268 1 77.616714
269 0 0.0
269 0 0.0
269 0 0.0
270 0 0.0
270 0 0.0
270 0 0.0
270 0 0.0
270 0 0.0
270 0 0.0
270 0 0.0
270 0 0.0
270 0 0.0
271 0 0.0
271 0 0.0
271 0 0.0
271 0 0.0
271 0 0.0
271 0 0.0
271 0 0.0
271 0 0.0
271 1 77.616714
271 0 0.0
272 0 0.0
272 0 0.0
272 0 0.0
272 0 0.0
272 0 0.0
272 0 0.0
272 0 0.0
272 0 0.0
272 0 0.0
273 0 0.0
273 0 0.0
273 0 0.0
273 0 0.0
273 0 0.0
273 0 0.0
273 1 77.616714
273 0 0.0
274 0 0.0
274 0 0.0
274 0 0.0
274 0 0.0
274 1 77.616714
274 0 0.0
274 0 0.0
274 0 0.0
275 0 0.0
275 0 0.0
275 0 0.0
275 0 0.0
275 1 77.616714
275 0 0.0
275 0 0.0
275 0 0.0
275 0 0.0
276 0 0.0
276 0 0.0
276 0 0.0
276 0 0.0
276 0 0.0
276 0 0.0
276 0 0.0
277 0 0.0
277 0 0.0
277 0 0.0
277 1 77.616714
277 0 0.0
277 0 0.0
278 0 0.0
278 0 0.0
278 1 83.749115
278 0 0.0
278 1 77.616714
278 0 0.0
279 0 0.0
279 0 0.0
279 1 77.616714
279 0 0.0
280 0 0.0
280 0 0.0
280 0 0.0
280 0 0.0
281 0 0.0
281 0 0.0
281 0 0.0
281 0 0.0
281 0 0.0
282 0 0.0
282 0 0.0
282 1 77.616714
282 0 0.0
282 0 0.0
282 0 0.0
283 0 0.0
283 0 0.0
283 0 0.0
283 0 0.0
284 0 0.0
284 0 0.0
284 0 0.0
284 0 0.0
285 0 0.0
285 0 0.0
285 0 0.0
285 1 77.616714
285 0 0.0
286 0 0.0
286 1 77.616714
286 1 83.749115
286 1 77.616714
286 0 0.0
286 0 0.0
287 0 0.0
287 1 77.616714
287 0 0.0
287 1 77.616714
287 0 0.0
287 1 77.616714
288 0 0.0
288 0 0.0
288 0 0.0
288 0 0.0
289 0 0.0
289 0 0.0
289 0 0.0
290 0 0.0
290 0 0.0
290 0 0.0
290 0 0.0
290 0 0.0
290 -1 77.616714
290 0 0.0
290 0 0.0
290 0 0.0
291 1 77.616714
291 0 0.0
291 0 0.0
292 0 0.0
292 0 0.0
292 0 0.0
292 0 0.0
292 0 0.0
292 0 0.0
292 0 0.0
292 0 0.0
292 0 0.0
292 0 0.0
292 0 0.0
292 0 0.0
292 0 0.0
292 0 0.0
292 0 0.0
292 0 0.0
292 0 0.0
292 1 77.616714
292 0 0.0
293 0 0.0
293 0 0.0
293 2 77.616714
293 0 0.0
293 0 0.0
293 0 0.0
293 0 0.0
293 0 0.0
293 1 77.616714
293 0 0.0
294 0 0.0
294 0 0.0
294 0 0.0
294 0 0.0
294 0 0.0
294 0 0.0
294 0 0.0
294 0 0.0
295 0 0.0
295 0 0.0
295 0 0.0
295 0 0.0
295 0 0.0
295 0 0.0
295 1 77.616714
295 0 0.0
295 0 0.0
296 0 0.0
296 0 0.0
296 0 0.0
296 0 0.0
296 0 0.0
296 0 0.0
296 0 0.0
296 0 0.0
297 0 0.0
297 0 0.0
297 2 77.616714
297 0 0.0
297 0 0.0
297 1 77.616714
297 0 0.0
297 0 0.0
297 1 77.616714
297 0 0.0
298 0 0.0
298 0 0.0
298 0 0.0
298 1 77.616714
298 0 0.0
298 0 0.0
298 1 77.616714
299 1 77.616714
299 0 0.0
299 0 0.0
299 0 0.0
299 0 0.0
299 0 0.0
300 0 0.0
300 1 77.616714
300 0 0.0
300 1 83.749115
300 0 0.0
300 1 77.616714
300 1 77.616714
300 0 0.0
300 1 77.616714
300 1 77.616714
300 0 0.0
300 0 0.0
300 0 0.0
300 0 0.0
301 1 77.616714
301 0 0.0
301 0 0.0
301 1 83.749115
301 0 0.0
301 1 77.616714
301 1 77.616714
303 0 0.0
303 0 0.0
303 0 0.0
303 0 0.0
304 0 0.0
304 1 77.616714
304 0 0.0
304 0 0.0
304 2 80.682915
304 0 0.0
305 0 0.0
305 0 0.0
305 1 77.616714
305 0 0.0
305 0 0.0
305 0 0.0
306 0 0.0
306 0 0.0
306 0 0.0
306 0 0.0
306 1 83.749115
306 0 0.0
307 0 0.0
307 0 0.0
307 1 77.616714
307 0 0.0
307 0 0.0
307 1 77.616714
308 0 0.0
308 0 0.0
308 0 0.0
308 0 0.0
309 0 0.0
309 0 0.0
309 0 0.0
309 0 0.0
309 0 0.0
309 0 0.0
309 0 0.0
310 0 0.0
310 0 0.0
310 1 77.616714
310 0 0.0
310 0 0.0
310 0 0.0
310 0 0.0
310 0 0.0
311 1 77.616714
311 0 0.0
311 1 77.616714
311 0 0.0
311 0 0.0
311 0 0.0
311 0 0.0
311 0 0.0
312 0 0.0
312 0 0.0
312 0 0.0
312 0 0.0
312 0 0.0
312 0 0.0
312 0 0.0
313 1 77.616714
314 1 77.616714
314 1 77.616714
314 0 0.0
314 0 0.0
314 1 77.616714
314 0 0.0
314 0 0.0
314 0 0.0
314 0 0.0
315 0 0.0
315 1 77.616714
315 0 0.0
315 0 0.0
315 0 0.0
315 0 0.0
315 0 0.0
316 0 0.0
316 0 0.0
316 0 0.0
316 0 0.0
316 0 0.0
316 0 0.0
316 1 77.616714
317 0 0.0
317 1 77.616714
317 1 77.616714
317 0 0.0
317 1 77.616714
317 0 0.0
317 0 0.0
318 1 77.616714
318 1 77.616714
318 0 0.0
318 0 0.0
318 0 0.0
318 0 0.0
319 0 0.0
319 0 0.0
319 0 0.0
319 0 0.0
319 0 0.0
319 0 0.0
319 0 0.0
319 0 0.0
320 1 77.616714
320 0 0.0
320 0 0.0
320 2 77.616714
320 0 0.0
320 1 83.749115
320 0 0.0
320 0 0.0
321 0 0.0
321 0 0.0
321 0 0.0
321 1 83.749115
321 1 77.616714
321 1 77.616714
321 1 77.616714
321 0 0.0
321 1 77.616714
322 0 0.0
322 0 0.0
322 0 0.0
322 1 83.749115
322 0 0.0
322 0 0.0
322 1 77.616714
323 0 0.0
323 0 0.0
323 0 0.0
323 0 0.0
323 0 0.0
323 0 0.0
324 0 0.0
324 0 0.0
324 1 77.616714
324 0 0.0
324 0 0.0
324 0 0.0
324 0 0.0
324 1 0.0
324 1 77.616714
324 0 0.0
325 0 0.0
325 1 77.616714
325 0 0.0
325 0 0.0
325 1 77.616714
325 0 0.0
325 0 0.0
325 0 0.0
325 1 77.616714
325 0 0.0
325 0 0.0
326 0 0.0
326 0 0.0
326 0 0.0
326 0 0.0
326 0 0.0
326 0 0.0
326 0 0.0
326 0 0.0
326 0 0.0
327 0 0.0
327 1 77.616714
327 0 0.0
327 0 0.0
327 0 0.0
327 0 0.0
327 0 0.0
327 0 0.0
327 1 77.616714
328 0 0.0
328 0 0.0
328 0 0.0
328 0 0.0
328 1 77.616714
328 0 0.0
328 0 0.0
328 0 0.0
328 1 77.616714
329 0 0.0
329 0 0.0
329 0 0.0
329 1 77.616714
329 0 0.0
329 1 77.616714
329 0 0.0
329 0 0.0
329 0 0.0
329 0 0.0
330 1 77.616714
330 0 0.0
330 0 0.0
330 0 0.0
330 0 0.0
330 0 0.0
330 0 0.0
330 0 0.0
330 0 0.0
330 0 0.0
331 0 0.0
331 0 0.0
331 0 0.0
331 0 0.0
331 1 77.616714
331 1 77.616714
331 0 0.0
331 0 0.0
331 0 0.0
331 0 0.0
331 0 0.0
332 0 0.0
332 0 0.0
332 0 0.0
332 1 77.616714
332 0 0.0
332 0 0.0
332 1 77.616714
332 0 0.0
332 0 0.0
332 0 0.0
333 0 0.0
333 0 0.0
333 0 0.0
333 0 0.0
333 0 0.0
333 0 0.0
333 0 0.0
333 1 77.616714
334 0 0.0
334 0 0.0
334 0 0.0
334 0 0.0
334 1 77.616714
334 1 77.616714
334 1 77.616714
334 0 0.0
334 1 83.749115
334 0 0.0
335 2 77.616714
335 0 0.0
335 0 0.0
335 2 77.616714
335 1 77.616714
335 1 77.616714
335 2 80.682915
335 0 0.0
336 0 0.0
336 0 0.0
336 0 0.0
336 0 0.0
336 0 0.0
336 0 0.0
336 0 0.0
336 1 77.616714
336 0 0.0
337 1 77.616714
337 0 0.0
337 0 0.0
337 0 0.0
337 0 0.0
337 0 0.0
337 0 0.0
337 0 0.0
337 0 0.0
338 0 0.0
338 0 0.0
338 -1 77.616714
338 0 0.0
338 0 0.0
338 0 0.0
338 2 77.616714
338 0 0.0
338 1 77.616714
338 0 0.0
338 1 77.616714
339 0 0.0
339 0 0.0
339 0 0.0
339 0 0.0
339 0 0.0
339 0 0.0
339 0 0.0
339 0 0.0
339 0 0.0
340 1 77.616714
340 0 0.0
340 0 0.0
340 0 0.0
340 0 0.0
340 0 0.0
340 0 0.0
340 1 77.616714
341 1 77.616714
341 2 77.616714
341 0 0.0
341 0 0.0
341 0 0.0
341 0 0.0
341 0 0.0
341 1 77.616714
341 0 0.0
341 1 77.616714
342 -1 77.616714
342 0 0.0
342 0 0.0
342 1 77.616714
342 0 0.0
342 0 0.0
342 0 0.0
343 1 77.616714
343 -1 77.616714
343 0 0.0
343 1 77.616714
343 0 0.0
343 0 0.0
343 0 0.0
343 0 0.0
344 0 0.0
344 0 0.0
344 0 0.0
344 1 77.616714
344 0 0.0
344 0 0.0
344 0 0.0
345 0 0.0
345 0 0.0
345 0 0.0
345 -1 77.616714
345 0 0.0
345 0 0.0
346 0 0.0
346 0 0.0
346 0 0.0
346 0 0.0
346 1 77.616714
347 0 0.0
347 1 77.616714
347 0 0.0
348 1 77.616714
348 1 77.616714
348 1 77.616714
348 0 0.0
349 1 77.616714
349 0 0.0
349 0 0.0
349 2 77.616714
349 1 77.616714
349 0 0.0
350 0 0.0
350 0 0.0
350 0 0.0
351 4 62.091644
351 0 0.0
352 2 77.616714
352 0 0.0
352 0 0.0
353 0 0.0
353 0 0.0
353 1 77.616714
354 0 0.0
354 0 0.0
355 0 0.0
355 1 77.616714
355 1 77.616714
355 0 0.0
356 2 77.616714
356 0 0.0
356 1 77.616714
356 1 77.616714
357 0 0.0
357 1 77.616714
357 1 77.616714
358 0 0.0
358 1 77.616714
358 1 77.616714
359 1 77.616714
359 0 0.0
360 1 77.616714
365 1 77.616714
365 0 0.0
365 2 77.616714
366 0 0.0
366 1 77.616714
366 1 83.749115
368 1 77.616714
368 0 0.0
368 0 0.0
368 0 0.0
368 0 0.0
369 -1 62.091644
369 1 77.616714
369 1 77.616714
369 1 77.616714
370 1 77.616714
370 0 0.0
370 0 0.0
370 1 77.616714
371 1 77.616714
372 1 77.616714
372 1 83.749115
373 1 77.616714
374 1 77.616714
375 1 77.616714
375 1 77.616714
375 0 0.0
375 0 0.0
375 0 0.0
376 0 0.0
376 0 0.0
376 0 0.0
377 0 0.0
377 0 0.0
377 0 0.0
378 1 83.749115
378 0 0.0
378 0 0.0
378 0 0.0
378 1 77.616714
379 0 0.0
379 0 0.0
380 -1 77.616714
380 0 0.0
380 0 0.0
380 0 0.0
381 1 77.616714
381 0 0.0
381 0 0.0
381 1 77.616714
382 0 0.0
382 0 0.0
384 0 0.0
385 1 77.616714
385 0 0.0
387 1 77.616714
387 1 77.616714
390 0 0.0
391 0 0.0
391 1 77.616714
392 0 0.0
393 0 0.0
393 1 77.616714
394 0 0.0
394 1 83.749115
395 0 0.0
395 -1 83.749115
395 0 0.0
396 0 0.0
397 0 0.0
398 0 0.0
399 0 0.0
399 0 0.0
399 0 0.0
399 0 0.0
399 0 0.0
399 0 0.0
399 0 0.0
399 0 0.0
400 0 0.0
405 1 77.616714
409 1 77.616714
412 0 0.0
414 1 60.36664
415 1 60.36664
420 0 0.0
420 0 0.0
420 0 0.0
420 0 0.0
420 0 0.0
421 1 60.36664
432 0 0.0
437 -1 77.616714
437 0 0.0
438 0 0.0
443 0 0.0
449 0 0.0
449 0 0.0
449 0 0.0
449 0 0.0
449 0 0.0
450 0 0.0
456 -1 77.616714
461 0 0.0
464 0 0.0
467 -1 77.616714
468 0 0.0
472 0 0.0
472 0 0.0
472 0 0.0
472 0 0.0
472 0 0.0
472 0 0.0
474 0 0.0
476 0 0.0
477 0 0.0
477 0 0.0
477 0 0.0
477 0 0.0
477 0 0.0
486 0 0.0
487 0 0.0
489 -1 77.616714
490 0 0.0
491 0 0.0
494 0 0.0
497 0 0.0
497 0 0.0
497 0 0.0
497 0 0.0
497 0 0.0
498 0 0.0
505 -1 77.616714
517 0 0.0
528 0 0.0
535 0 0.0
538 0 0.0
539 0 0.0
540 -1 77.616714
540 0 0.0
541 0 0.0
541 0 0.0
542 0 0.0
543 0 0.0
544 0 0.0
544 0 0.0
546 0 0.0
547 0 0.0
548 0 0.0
556 0 0.0
564 0 0.0
573 1 60.36664
594 1 60.36664
598 1 65.11903
689 0 0.0
689 0 0.0
689 0 0.0
689 0 0.0
690 0 0.0
690 0 0.0
690 0 0.0
690 0 0.0
691 0 0.0
691 0 0.0
691 0 0.0
691 0 0.0
692 0 0.0
692 0 0.0
692 0 0.0
692 0 0.0
693 0 0.0
693 0 0.0
693 0 0.0
693 0 0.0
694 0 0.0
694 0 0.0
694 0 0.0
694 0 0.0
695 0 0.0
695 0 0.0
695 0 0.0
695 0 0.0
696 0 0.0
696 0 0.0
696 0 0.0
696 0 0.0
697 0 0.0
697 0 0.0
697 0 0.0
697 0 0.0
698 0 0.0
698 0 0.0
698 0 0.0
698 0 0.0
699 0 0.0
699 0 0.0
699 0 0.0
699 0 0.0
700 0 0.0
700 0 0.0
701 0 0.0
701 0 0.0
702 0 0.0
703 1 77.616714
703 0 0.0
704 0 0.0
705 0 0.0
706 0 0.0
707 0 0.0
708 0 0.0
709 0 0.0
710 0 0.0
711 0 0.0
712 0 0.0
712 1 77.616714
713 0 0.0
714 0 0.0
714 1 83.749115
715 0 0.0
716 0 0.0
717 0 0.0
718 0 0.0
722 0 0.0
722 0 0.0
722 1 77.616714
725 1 77.616714
735 1 77.616714
737 1 77.616714
744 1 77.616714
