0 0 0.0
2 1 4.28328
11 1 4.28328
213 0 0.0
230 1 4.77242
231 1 4.77242
233 1 4.77242
234 1 4.77242
239 1 4.77242
242 1 4.77242
246 1 4.77242
247 4 4.77242
248 5 4.77242
257 0 0.0
260 1 5.20868
262 8 5.19546
266 9 5.20868
267 16 5.19546
268 11 5.20868
269 4 5.20868
270 2 5.20868
271 3 5.20868
272 1 5.19546
273 1 5.19546
274 1 5.20868
276 1 5.20868
281 3 5.19546
287 1 5.20868
301 1 5.20868
309 1 5.20868
315 1 5.19546
317 3 5.19546
320 1 5.20868
327 1 5.19546
343 1 5.20868
365 0 0.0
370 1 5.19546
388 1 5.20868
397 1 5.19546
410 1 5.20868
415 1 5.20868
422 1 5.20868
445 1 5.19546
458 2 5.19546
511 0 0.0
532 1 5.8168
533 1 5.8168
535 1 5.8168
570 2 5.8168
579 1 5.80358
596 0 0.0
604 1 5.8168
605 2 5.8168
606 1 5.8168
610 1 5.8168
611 4 5.8168
614 1 5.8168
615 1 5.8168
619 2 5.8168
621 1 5.8168
622 2 5.8168
623 2 5.8168
625 1 5.8168
627 2 5.8168
628 4 5.8168
629 3 5.8168
630 2 5.8168
632 0 0.0
633 1 5.8168
635 2 5.8168
636 1 5.8168
638 1 5.8168
640 1 5.8168
641 0 0.0
650 2 5.8168
651 1 5.8168
654 1 5.8168
661 0 0.0
667 1 5.8168
668 1 5.8168
669 2 5.8168
676 1 5.8168
679 1 5.8168
680 1 5.8168
694 1 5.8168
697 1 5.8168
708 0 0.0
741 0 0.0
