433 0 0.0
434 1 159.65926
437 1 159.65926
439 1 159.65926
440 1 159.65926
441 1 159.65926
450 1 159.65926
455 1 159.65926
457 1 159.65926
461 1 159.65926
470 1 159.65926
471 1 159.65926
472 0 0.0
476 0 0.0
485 1 159.65926
487 1 159.65926
490 1 159.65926
491 3 159.65926
492 4 159.65926
502 1 159.65926
503 2 159.65926
507 1 159.65926
508 1 159.65926
509 3 159.65926
511 1 159.65926
520 1 159.65926
522 1 159.65926
523 0 0.0
527 0 0.0
533 2 159.65926
541 1 159.65926
542 1 159.65926
543 0 0.0
544 0 0.0
550 1 159.65926
557 1 159.65926
561 -1 159.65926
571 1 159.65926
578 3 159.65926
581 1 159.65926
586 1 159.65926
588 0 0.0
589 0 0.0
594 1 159.65926
604 1 159.65926
609 3 159.65926
612 0 0.0
615 0 0.0
647 0 0.0
649 1 159.65926
650 2 159.65926
652 1 159.65926
653 1 159.65926
654 3 159.65926
657 1 159.65926
659 1 159.65926
660 1 159.65926
661 1 159.65926
670 3 159.65926
672 2 159.65926
676 0 0.0
678 1 159.65926
685 1 159.65926
687 1 159.65926
690 1 159.65926
696 1 159.65926
697 2 159.65926
698 2 159.65926
700 1 159.65926
701 1 159.65926
704 2 159.65926
705 3 159.65926
706 1 159.65926
709 1 159.65926
711 1 159.65926
745 0 0.0
746 1 159.65926
747 1 159.65926
750 3 159.65926
751 1 159.65926
752 2 159.65926
753 1 159.65926
755 2 159.65926
757 1 159.65926
758 1 159.65926
759 1 159.65926
