249 0 0.0
251 2 11.322773
252 1 11.322773
256 1 11.322773
258 1 11.322773
262 1 11.322773
269 0 0.0
272 1 11.322773
275 1 11.322773
277 1 11.322773
278 1 11.322773
281 1 11.322773
285 2 11.322773
286 1 11.322773
299 1 11.322773
303 1 11.322773
309 1 11.322773
320 2 11.322773
321 1 11.322773
323 1 11.322773
326 1 11.322773
327 2 11.322773
342 1 11.322773
355 1 11.322773
357 1 11.322773
365 0 0.0
367 1 11.322773
372 1 11.322773
373 3 11.322773
378 1 11.322773
380 1 11.322773
381 1 11.322773
384 0 0.0
389 2 11.322773
391 1 11.322773
392 1 11.322773
393 2 11.322773
395 4 11.322773
396 2 11.322773
397 1 11.322773
398 1 11.322773
399 1 11.322773
400 1 11.322773
402 2 11.322773
404 1 11.322773
406 1 11.322773
408 2 11.322773
412 2 11.322773
414 1 11.322773
415 1 11.322773
418 1 11.322773
421 1 11.322773
425 0 0.0
428 1 11.322773
429 1 11.322773
431 1 11.322773
433 1 11.322773
435 1 11.322773
437 1 11.322773
451 1 11.322773
453 1 11.322773
461 1 11.322773
464 2 11.322773
481 1 11.322773
482 1 11.322773
487 1 11.322773
492 1 11.322773
499 1 11.322773
511 1 11.322773
512 1 11.322773
530 0 0.0
533 1 11.322773
537 2 11.322773
538 1 11.322773
555 2 11.322773
556 1 11.322773
557 4 11.322773
558 5 11.322773
560 1 11.322773
561 1 11.322773
564 2 11.322773
565 1 11.322773
566 1 11.322773
567 1 11.322773
568 1 11.322773
569 1 11.322773
570 3 11.322773
573 2 11.322773
574 2 11.322773
575 1 11.322773
579 1 11.322773
600 2 11.322773
602 1 11.322773
611 2 11.322773
612 0 0.0
620 2 11.322773
621 3 11.322773
622 3 11.322773
623 1 11.322773
627 2 11.322773
629 1 11.322773
632 0 0.0
635 2 11.322773
636 3 11.322773
637 1 11.322773
640 2 11.322773
642 1 11.322773
643 1 11.322773
646 1 11.322773
649 1 11.322773
653 0 0.0
662 1 11.322773
666 1 11.322773
675 1 11.322773
676 1 11.322773
682 1 11.322773
683 1 11.322773
693 1 11.322773
697 1 11.322773
699 1 11.322773
700 1 11.322773
706 0 0.0
708 0 0.0
711 2 11.322773
712 2 11.322773
715 2 11.322773
717 1 11.322773
718 0 0.0
719 1 11.322773
721 1 11.322773
722 2 11.322773
723 1 11.322773
731 1 11.322773
734 1 11.322773
736 1 11.322773
737 1 11.322773
739 1 11.322773
741 2 11.322773
743 2 11.322773
744 1 11.322773
745 0 0.0
750 2 11.322773
752 1 11.322773
753 0 0.0
754 1 11.322773
755 1 11.322773
