147 0 0.0
149 1 10.4242525
150 1 10.4242525
152 1 10.4242525
154 2 10.4242525
155 1 10.4242525
156 1 10.4242525
162 1 10.4242525
164 1 10.4242525
171 1 10.4242525
172 0 0.0
192 1 10.4242525
193 1 10.4242525
194 1 10.4242525
199 1 10.4242525
200 0 0.0
201 2 10.4242525
241 1 10.4242525
249 0 0.0
260 1 10.4242525
265 1 10.4242525
268 0 0.0
277 1 10.4242525
284 0 0.0
286 1 10.4242525
291 1 10.4242525
295 0 0.0
300 2 10.4242525
309 0 0.0
313 1 10.4242525
320 1 10.4242525
321 1 10.4242525
323 0 0.0
334 2 10.4242525
337 0 0.0
341 1 10.4242525
342 1 10.4242525
348 1 10.4242525
351 0 0.0
354 1 10.4242525
355 1 10.412885
359 2 10.4242525
365 0 0.0
367 1 10.4242525
387 1 10.4242525
402 1 10.4242525
404 1 10.4242525
409 0 0.0
412 1 10.4242525
413 1 10.4242525
414 1 10.4242525
415 2 10.4242525
425 1 10.412885
433 1 10.4242525
435 1 10.4242525
439 1 10.4242525
464 1 10.4242525
465 1 10.4242525
480 1 10.4242525
481 1 10.4242525
491 1 10.4242525
502 0 0.0
504 1 10.4242525
512 1 10.4242525
513 2 10.4242525
529 1 10.4242525
549 1 10.4242525
558 1 10.4242525
559 1 10.4242525
575 2 10.4242525
599 1 10.4242525
609 1 10.4242525
613 0 0.0
614 2 10.4242525
619 2 10.4242525
628 1 10.412885
629 1 10.4242525
632 0 0.0
634 1 10.4242525
636 1 10.4242525
658 1 10.4242525
665 0 0.0
666 0 0.0
677 2 10.4242525
683 0 0.0
690 1 10.4242525
707 1 10.4242525
712 1 10.4242525
715 1 10.4242525
720 2 10.4242525
741 0 0.0
752 0 0.0
755 1 10.4242525
757 1 10.4242525
