34 1 109.06773
35 1 109.06773
42 1 109.06773
70 1 109.06773
79 1 109.06773
81 1 109.06773
83 1 109.06773
84 1 109.06773
87 1 109.06773
88 -1 109.06773
91 0 0.0
152 0 0.0
174 1 109.06773
182 0 0.0
223 1 109.06773
227 1 109.06773
243 2 109.06773
270 1 109.06773
287 1 109.06773
295 0 0.0
304 0 0.0
307 4 109.06773
308 3 109.06773
310 2 109.06773
312 -1 109.06773
313 1 109.06773
314 4 109.06773
315 1 109.06773
316 1 109.06773
318 2 109.06773
319 1 109.06773
321 1 109.06773
324 2 109.06773
325 2 109.06773
326 1 109.06773
327 33 109.06773
328 11 109.06773
329 -1 109.06773
333 -1 109.06773
334 0 0.0
337 -1 109.06773
338 1 109.06773
342 1 109.06773
347 0 0.0
349 0 0.0
351 3 109.06773
365 1 109.06773
373 -1 109.06773
380 1 109.06773
381 1 109.06773
383 1 109.06773
384 2 109.06773
386 1 109.06773
388 1 109.06773
390 1 109.06773
395 1 109.06773
396 1 109.06773
397 1 109.06773
398 1 109.06773
400 1 109.06773
405 1 109.06773
410 1 109.06773
422 1 109.06773
423 1 109.06773
429 1 109.06773
430 2 109.06773
432 1 109.06773
434 26 109.06773
435 0 0.0
451 -1 109.06773
476 0 0.0
480 0 0.0
481 0 0.0
495 1 109.06773
499 0 0.0
