247 0 0.0
269 0 0.0
270 0 0.0
271 0 0.0
272 0 0.0
273 0 0.0
274 0 0.0
275 0 0.0
276 0 0.0
280 1 77.616714
287 1 77.616714
292 0 0.0
313 1 77.616714
314 0 0.0
319 0 0.0
320 0 0.0
321 0 0.0
322 0 0.0
323 1 77.616714
324 0 0.0
325 0 0.0
326 0 0.0
327 0 0.0
328 0 0.0
329 0 0.0
330 0 0.0
331 0 0.0
337 1 77.616714
342 1 77.616714
359 1 77.616714
365 1 77.616714
370 0 0.0
375 0 0.0
376 0 0.0
377 0 0.0
378 0 0.0
379 0 0.0
380 0 0.0
381 0 0.0
382 0 0.0
390 1 77.616714
399 0 0.0
420 0 0.0
449 0 0.0
472 0 0.0
477 0 0.0
497 0 0.0
625 1 60.36664
