531 1 63.765846
533 1 63.765846
535 1 63.765846
541 1 63.765846
542 1 63.765846
544 1 63.765846
547 4 63.765846
548 1 63.765846
552 2 63.765846
553 -1 63.765846
561 1 63.765846
562 1 63.765846
574 1 63.765846
578 0 0.0
579 2 63.765846
581 1 63.765846
583 1 63.765846
585 1 63.765846
586 1 63.765846
588 2 63.765846
589 2 63.765846
590 1 63.765846
591 2 63.765846
592 2 63.765846
593 1 63.765846
596 2 63.765846
597 3 63.765846
599 1 63.765846
600 0 0.0
601 1 63.765846
602 1 63.765846
604 1 63.765846
606 1 63.765846
609 1 63.765846
610 2 63.765846
611 1 63.765846
612 1 63.765846
615 -1 63.765846
616 1 63.765846
633 0 0.0
636 1 63.765846
639 2 63.765846
640 0 0.0
641 2 63.765846
642 1 63.765846
643 1 63.765846
644 1 63.765846
645 1 63.765846
647 3 63.765846
649 1 63.765846
650 4 63.765846
652 2 63.765846
653 1 63.765846
654 1 63.765846
655 1 63.765846
657 4 63.765846
660 2 63.765846
661 2 63.765846
662 3 63.765846
663 -1 63.765846
664 2 63.765846
665 2 63.765846
665 2 63.765846
668 1 63.765846
669 2 63.765846
670 2 63.765846
671 1 63.765846
675 1 63.765846
676 1 63.765846
677 2 63.765846
679 1 63.765846
680 1 63.765846
683 2 63.765846
690 0 0.0
691 1 63.765846
692 1 63.765846
696 2 63.765846
698 3 63.765846
700 1 63.765846
701 2 63.765846
702 1 63.765846
704 1 63.765846
705 1 63.765846
706 2 63.765846
707 1 63.765846
709 -1 63.765846
711 1 63.765846
712 1 63.765846
713 2 63.765846
715 2 63.765846
716 2 63.765846
718 1 63.765846
719 1 63.765846
720 2 63.765846
725 2 63.765846
730 1 63.765846
731 1 63.765846
732 2 63.765846
733 1 63.765846
734 1 63.765846
736 2 63.765846
737 1 63.765846
738 1 63.765846
739 1 63.765846
742 0 0.0
744 2 63.765846
745 1 63.765846
747 1 63.765846
748 1 63.765846
749 2 63.765846
750 1 63.765846
752 1 63.765846
753 2 63.765846
754 1 63.765846
755 1 63.765846
757 2 63.765846
758 1 63.765846
759 2 63.765846
